4 8192 1 0.0000052590 
4 8192 2 0.0000049061 
4 40960 1 0.0000100449 
4 40960 2 0.0000116227 
4 73728 1 0.0000150592 
4 73728 2 0.0000188651 
4 106496 1 0.0000194213 
4 106496 2 0.0000207401 
4 139264 1 0.0000232607 
4 139264 2 0.0000267045 
4 172032 1 0.0000275342 
4 172032 2 0.0000334471 
4 204800 1 0.0000317827 
4 204800 2 0.0000403003 
4 237568 1 0.0000365230 
4 237568 2 0.0000474276 
4 270336 1 0.0000430895 
4 270336 2 0.0000660630 
4 303104 1 0.0000474842 
4 303104 2 0.0000614687 
4 335872 1 0.0000503207 
4 335872 2 0.0000691302 
4 368640 1 0.0000549140 
4 368640 2 0.0000752206 
4 401408 1 0.0000599978 
4 401408 2 0.0000828071 
4 434176 1 0.0000644768 
4 434176 2 0.0000901330 
4 466944 1 0.0000692924 
4 466944 2 0.0000975487 
4 499712 1 0.0000734974 
4 499712 2 0.0001038363 
4 532480 1 0.0000783849 
4 532480 2 0.0001112526 
4 565248 1 0.0000830984 
4 565248 2 0.0001177261 
4 598016 1 0.0001236887 
4 598016 2 0.0001752641 
4 630784 1 0.0001460358 
4 630784 2 0.0001330377 
4 663552 1 0.0000984839 
4 663552 2 0.0001418934 
4 696320 1 0.0001032945 
4 696320 2 0.0001801763 
4 729088 1 0.0001529810 
4 729088 2 0.0001559771 
4 761856 1 0.0001118942 
4 761856 2 0.0001629242 
4 794624 1 0.0001172061 
4 794624 2 0.0001911258 
4 827392 1 0.0001573006 
4 827392 2 0.0001757442 
4 860160 1 0.0001267714 
4 860160 2 0.0002153996 
4 892928 1 0.0001803005 
4 892928 2 0.0002108361 
4 925696 1 0.0001728753 
4 925696 2 0.0001947992 
4 958464 1 0.0001690774 
4 958464 2 0.0002018024 
4 991232 1 0.0001436125 
4 991232 2 0.0002480252 
4 1024000 1 0.0001961556 
4 1024000 2 0.0002529855
