8192 1 0.0000677790 
8192 1 0.0000671790 
8192 1 0.0000585090 
8192 1 0.0000538590 
8192 1 0.0000339490 
8192 1 0.0000619490 
24576 2 0.0000972580 
24576 2 0.0001151980 
24576 2 0.0001246670 
24576 2 0.0001388270 
24576 2 0.0001483670 
24576 2 0.0000624690 
40960 3 0.0001481770 
40960 3 0.0001600670 
40960 3 0.0001727670 
40960 3 0.0001854670 
40960 3 0.0000652680 
40960 3 0.0001963260 
57344 1 0.0002169250 
57344 1 0.0002174750 
57344 1 0.0002166050 
57344 1 0.0000658590 
57344 1 0.0002408150 
57344 1 0.0002431750 
73728 2 0.0002727250 
73728 2 0.0002693350 
73728 2 0.0002743340 
73728 2 0.0002754240 
73728 2 0.0000585290 
73728 2 0.0002844040 
90112 3 0.0003212830 
90112 3 0.0003280930 
90112 3 0.0003107140 
90112 3 0.0003166030 
90112 3 0.0003335130 
90112 3 0.0000619290 
106496 1 0.0003911620 
106496 1 0.0003824830 
106496 1 0.0003851220 
106496 1 0.0003995520 
106496 1 0.0000736680 
106496 1 0.0003988720 
122880 2 0.0004305110 
122880 2 0.0004261510 
122880 2 0.0004358810 
122880 2 0.0004373110 
122880 2 0.0004486510 
122880 2 0.0000825390 
139264 3 0.0005132100 
139264 3 0.0005100000 
139264 3 0.0005181190 
139264 3 0.0005187390 
139264 3 0.0000907680 
139264 3 0.0005248290 
155648 1 0.0005162090 
155648 1 0.0005206290 
155648 1 0.0005266590 
155648 1 0.0005419890 
155648 1 0.0005448890 
155648 1 0.0001134980 
172032 2 0.0005781480 
172032 2 0.0005755880 
172032 2 0.0005774080 
172032 2 0.0005873680 
172032 2 0.0005934680 
172032 2 0.0001314070 
188416 3 0.0006879460 
188416 3 0.0006898960 
188416 3 0.0006858060 
188416 3 0.0007050360 
188416 3 0.0007207060 
188416 3 0.0001463170 
204800 1 0.0001547970 
204800 1 0.0007748140 
204800 1 0.0007680450 
204800 1 0.0007853640 
204800 1 0.0007607750 
204800 1 0.0007789940 
221184 2 0.0007693650 
221184 2 0.0007814050 
221184 2 0.0007961740 
221184 2 0.0008009640 
221184 2 0.0001397070 
221184 2 0.0008064040 
237568 3 0.0008206040 
237568 3 0.0008168140 
237568 3 0.0008147440 
237568 3 0.0001363970 
237568 3 0.0008436630 
237568 3 0.0008486330 
253952 1 0.0008854320 
253952 1 0.0008981910 
253952 1 0.0008890820 
253952 1 0.0009191120 
253952 1 0.0009168220 
253952 1 0.0001402070 
270336 2 0.0009277720 
270336 2 0.0009330820 
270336 2 0.0009249920 
270336 2 0.0009650710 
270336 2 0.0001496970 
270336 2 0.0009649210 
286720 3 0.0009854600 
286720 3 0.0009740410 
286720 3 0.0010105700 
286720 3 0.0010044800 
286720 3 0.0001562360 
286720 3 0.0010251290 
303104 1 0.0010187890 
303104 1 0.0010362190 
303104 1 0.0010431790 
303104 1 0.0010735780 
303104 1 0.0001699260 
303104 1 0.0010746880 
319488 2 0.0010997570 
319488 2 0.0011009070 
319488 2 0.0001791770 
319488 2 0.0011306870 
319488 2 0.0011304570 
319488 2 0.0011407270 
335872 3 0.0012662340 
335872 3 0.0012726740 
335872 3 0.0012694040 
335872 3 0.0012990940 
335872 3 0.0012991140 
335872 3 0.0002600550 
352256 1 0.0011951760 
352256 1 0.0012152850 
352256 1 0.0001786070 
352256 1 0.0012356250 
352256 1 0.0012277050 
352256 1 0.0012414850 
368640 2 0.0012400250 
368640 2 0.0012351350 
368640 2 0.0012563850 
368640 2 0.0012843840 
368640 2 0.0001855560 
368640 2 0.0012814940 
385024 3 0.0012916640 
385024 3 0.0013171130 
385024 3 0.0013303930 
385024 3 0.0013265140 
385024 3 0.0013489630 
385024 3 0.0001969860 
401408 1 0.0013504330 
401408 1 0.0013352830 
401408 1 0.0013712020 
401408 1 0.0001960860 
401408 1 0.0013987710 
401408 1 0.0013993810 
417792 2 0.0014027820 
417792 2 0.0014319510 
417792 2 0.0014605700 
417792 2 0.0014624200 
417792 2 0.0014562100 
417792 2 0.0002254150 
434176 3 0.0015054190 
434176 3 0.0014915900 
434176 3 0.0015267090 
434176 3 0.0015448780 
434176 3 0.0002233050 
434176 3 0.0015549680 
450560 1 0.0015103090 
450560 1 0.0015108400 
450560 1 0.0015199390 
450560 1 0.0015519990 
450560 1 0.0015511590 
450560 1 0.0002058150 
466944 2 0.0015345590 
466944 2 0.0015579880 
466944 2 0.0015869980 
466944 2 0.0016021480 
466944 2 0.0016191070 
466944 2 0.0002117660 
483328 3 0.0016496670 
483328 3 0.0016878360 
483328 3 0.0017143060 
483328 3 0.0017432350 
483328 3 0.0017453150 
483328 3 0.0002634140 
499712 1 0.0016100380 
499712 1 0.0016429160 
499712 1 0.0016530770 
499712 1 0.0017022560 
499712 1 0.0017024360 
499712 1 0.0002075260 
516096 2 0.0016510570 
516096 2 0.0016891460 
516096 2 0.0017513350 
516096 2 0.0017538750 
516096 2 0.0017513150 
516096 2 0.0002074160 
532480 3 0.0017173760 
532480 3 0.0017588850 
532480 3 0.0017749550 
532480 3 0.0018096040 
532480 3 0.0018223840 
532480 3 0.0002271760 
548864 1 0.0017235650 
548864 1 0.0017642450 
548864 1 0.0017722040 
548864 1 0.0018207530 
548864 1 0.0018338730 
548864 1 0.0002465350 
565248 2 0.0018013840 
565248 2 0.0018689630 
565248 2 0.0018584530 
565248 2 0.0019129820 
565248 2 0.0019125920 
565248 2 0.0002306260 
581632 3 0.0018767720 
581632 3 0.0019030120 
581632 3 0.0019192110 
581632 3 0.0019799500 
581632 3 0.0019773300 
581632 3 0.0002353150 
598016 1 0.0019549310 
598016 1 0.0020045800 
598016 1 0.0020219700 
598016 1 0.0020314300 
598016 1 0.0020552390 
598016 1 0.0002701650 
614400 2 0.0019159720 
614400 2 0.0019424910 
614400 2 0.0019735210 
614400 2 0.0002320560 
614400 2 0.0020198900 
614400 2 0.0020172800 
630784 3 0.0020483290 
630784 3 0.0020886880 
630784 3 0.0020928680 
630784 3 0.0002458050 
630784 3 0.0021565970 
630784 3 0.0021584460 
647168 1 0.0020900180 
647168 1 0.0020801480 
647168 1 0.0021199670 
647168 1 0.0002594950 
647168 1 0.0021928660 
647168 1 0.0021881760 
663552 2 0.0020693980 
663552 2 0.0021327170 
663552 2 0.0021662470 
663552 2 0.0002736450 
663552 2 0.0022005560 
663552 2 0.0021980260 
679936 3 0.0022356650 
679936 3 0.0022195350 
679936 3 0.0022739940 
679936 3 0.0023235530 
679936 3 0.0002645950 
679936 3 0.0023396630 
696320 1 0.0022676540 
696320 1 0.0022727540 
696320 1 0.0022668240 
696320 1 0.0023453230 
696320 1 0.0023530130 
696320 1 0.0002603550 
712704 2 0.0023079630 
712704 2 0.0023373130 
712704 2 0.0023532730 
712704 2 0.0023949420 
712704 2 0.0003070330 
712704 2 0.0024057010 
729088 3 0.0023725320 
729088 3 0.0024184210 
729088 3 0.0024155310 
729088 3 0.0024956390 
729088 3 0.0003039630 
729088 3 0.0024863000 
745472 1 0.0024386510 
745472 1 0.0024639100 
745472 1 0.0024727700 
745472 1 0.0025185290 
745472 1 0.0003129930 
745472 1 0.0025604680 
761856 2 0.0023831530 
761856 2 0.0024564010 
761856 2 0.0024826600 
761856 2 0.0025191100 
761856 2 0.0003231740 
761856 2 0.0025195100 
778240 3 0.0025266990 
778240 3 0.0026183570 
778240 3 0.0026304670 
778240 3 0.0003392230 
778240 3 0.0026774360 
778240 3 0.0026808560 
794624 1 0.0025387090 
794624 1 0.0026094780 
794624 1 0.0026259670 
794624 1 0.0026662870 
794624 1 0.0003035240 
794624 1 0.0026655970 
811008 2 0.0025884380 
811008 2 0.0027285950 
811008 2 0.0027497850 
811008 2 0.0027473450 
811008 2 0.0003446630 
811008 2 0.0027683140 
827392 3 0.0027449350 
827392 3 0.0028005940 
827392 3 0.0028336840 
827392 3 0.0003690730 
827392 3 0.0028717230 
827392 3 0.0028697030 
843776 1 0.0026769260 
843776 1 0.0027674940 
843776 1 0.0027629340 
843776 1 0.0003149130 
843776 1 0.0028164430 
843776 1 0.0028178130 
860160 2 0.0027064250 
860160 2 0.0028906510 
860160 2 0.0029371900 
860160 2 0.0029374600 
860160 2 0.0029303510 
860160 2 0.0003647520 
876544 3 0.0028933510 
876544 3 0.0030819580 
876544 3 0.0030870880 
876544 3 0.0031182470 
876544 3 0.0003834520 
876544 3 0.0031140770 
892928 1 0.0028217230 
892928 1 0.0029268610 
892928 1 0.0029545610 
892928 1 0.0029779500 
892928 1 0.0029993700 
892928 1 0.0003289440 
909312 2 0.0028562230 
909312 2 0.0030216290 
909312 2 0.0030351790 
909312 2 0.0030499990 
909312 2 0.0030597390 
909312 2 0.0004102910 
925696 3 0.0029701400 
925696 3 0.0031908960 
925696 3 0.0031988550 
925696 3 0.0032268950 
925696 3 0.0004089320 
925696 3 0.0032198450 
942080 1 0.0029648000 
942080 1 0.0031431070 
942080 1 0.0031640360 
942080 1 0.0031970960 
942080 1 0.0031951260 
942080 1 0.0004831210 
958464 2 0.0030423080 
958464 2 0.0032688540 
958464 2 0.0032996130 
958464 2 0.0032969930 
958464 2 0.0033063830 
958464 2 0.0004432810 
974848 3 0.0030849680 
974848 3 0.0032602550 
974848 3 0.0032776740 
974848 3 0.0033109640 
974848 3 0.0004775100 
974848 3 0.0033426330 
991232 1 0.0032114960 
991232 1 0.0033385530 
991232 1 0.0033646430 
991232 1 0.0033960220 
991232 1 0.0003908120 
991232 1 0.0034030320 
1007616 2 0.0031788160 
1007616 2 0.0033887320 
1007616 2 0.0034193310 
1007616 2 0.0034318010 
1007616 2 0.0005021500 
1007616 2 0.0034463010 
1024000 3 0.0032954140 
1024000 3 0.0035577180 
1024000 3 0.0035633780 
1024000 3 0.0035806780 
1024000 3 0.0035899080 
1024000 3 0.0004961300 
