6 8192 1 0.0000126911 
6 8192 2 0.0000105100 
6 8192 3 0.0000080690 
6 16384 1 0.0000155622 
6 16384 2 0.0000146495 
6 16384 3 0.0000172124 
6 65536 1 0.0000264288 
6 65536 2 0.0000373214 
6 65536 3 0.0000213724 
6 180224 1 0.0000509882 
6 180224 2 0.0000931389 
6 180224 3 0.0000516596 
6 286720 1 0.0000803924 
6 286720 2 0.0001567912 
6 286720 3 0.0000825577 
6 622592 1 0.0001741729 
6 622592 2 0.0003051781 
6 622592 3 0.0001553274 
6 851968 1 0.0002893953 
6 851968 2 0.0004606608 
6 851968 3 0.0002159383 
