6 8192 1 0.0000126911 
6 8192 2 0.0000105100 
6 8192 3 0.0000080690 
6 16384 1 0.0000155622 
6 16384 2 0.0000146495 
6 16384 3 0.0000172124 
6 24576 1 0.0000158933 
6 24576 2 0.0000183694 
6 24576 3 0.0000124656 
6 32768 1 0.0000184477 
6 32768 2 0.0000239796 
6 32768 3 0.0000144029 
6 40960 1 0.0000192545 
6 40960 2 0.0000267920 
6 40960 3 0.0000160140 
6 49152 1 0.0000215056 
6 49152 2 0.0000308677 
6 49152 3 0.0000188891 
6 57344 1 0.0000241900 
6 57344 2 0.0000355228 
6 57344 3 0.0000206177 
6 65536 1 0.0000264288 
6 65536 2 0.0000373214 
6 65536 3 0.0000213724 
6 73728 1 0.0000259411 
6 73728 2 0.0000548147 
6 73728 3 0.0000241763 
6 81920 1 0.0000282422 
6 81920 2 0.0000462395 
6 81920 3 0.0000269553 
6 90112 1 0.0000302582 
6 90112 2 0.0000558122 
6 90112 3 0.0000273270 
6 98304 1 0.0000319159 
6 98304 2 0.0000606633 
6 98304 3 0.0000273273 
6 106496 1 0.0000330485 
6 106496 2 0.0000652523 
6 106496 3 0.0000315950 
6 114688 1 0.0000340969 
6 114688 2 0.0000673957 
6 114688 3 0.0000348483 
6 122880 1 0.0000351928 
6 122880 2 0.0000726607 
6 122880 3 0.0000330390 
6 131072 1 0.0000414565 
6 131072 2 0.0000791799 
6 131072 3 0.0000415705 
6 139264 1 0.0000394103 
6 139264 2 0.0000773440 
6 139264 3 0.0000441515 
6 147456 1 0.0000454791 
6 147456 2 0.0000773808 
6 147456 3 0.0000437791 
6 155648 1 0.0000461424 
6 155648 2 0.0000961696 
6 155648 3 0.0000487171 
6 163840 1 0.0000532109 
6 163840 2 0.0000982422 
6 163840 3 0.0000503791 
6 172032 1 0.0000517605 
6 172032 2 0.0000957750 
6 172032 3 0.0000517742 
6 180224 1 0.0000509882 
6 180224 2 0.0000931389 
6 180224 3 0.0000516596 
6 188416 1 0.0000513021 
6 188416 2 0.0001014919 
6 188416 3 0.0000530304 
6 196608 1 0.0000570316 
6 196608 2 0.0001005352 
6 196608 3 0.0000472333 
6 204800 1 0.0000583117 
6 204800 2 0.0001057042 
6 204800 3 0.0000513729 
6 212992 1 0.0000595500 
6 212992 2 0.0001057197 
6 212992 3 0.0000608103 
6 221184 1 0.0000598240 
6 221184 2 0.0001202241 
6 221184 3 0.0000623388 
6 229376 1 0.0000626081 
6 229376 2 0.0001251129 
6 229376 3 0.0000536672 
6 237568 1 0.0000621804 
6 237568 2 0.0001282026 
6 237568 3 0.0000699493 
6 245760 1 0.0000702709 
6 245760 2 0.0001226870 
6 245760 3 0.0000669779 
6 253952 1 0.0000670200 
6 253952 2 0.0001283337 
6 253952 3 0.0000689718 
6 262144 1 0.0000713966 
6 262144 2 0.0001461147 
6 262144 3 0.0000725810 
6 270336 1 0.0000702001 
6 270336 2 0.0001449612 
6 270336 3 0.0000760904 
6 278528 1 0.0000723328 
6 278528 2 0.0001351304 
6 278528 3 0.0000720038 
6 286720 1 0.0000803924 
6 286720 2 0.0001567912 
6 286720 3 0.0000825577 
6 294912 1 0.0000777576 
6 294912 2 0.0001517013 
6 294912 3 0.0000834427 
6 303104 1 0.0000876778 
6 303104 2 0.0001631025 
6 303104 3 0.0000689442 
6 311296 1 0.0000828362 
6 311296 2 0.0001454698 
6 311296 3 0.0000818234 
6 319488 1 0.0000839332 
6 319488 2 0.0001683983 
6 319488 3 0.0000849306 
6 327680 1 0.0000875437 
6 327680 2 0.0001703222 
6 327680 3 0.0000952290 
6 335872 1 0.0000937196 
6 335872 2 0.0001617615 
6 335872 3 0.0000955438 
6 344064 1 0.0000908899 
6 344064 2 0.0001779089 
6 344064 3 0.0000951531 
6 352256 1 0.0000930881 
6 352256 2 0.0001752613 
6 352256 3 0.0000958245 
6 360448 1 0.0000968677 
6 360448 2 0.0001754570 
6 360448 3 0.0001062257 
6 368640 1 0.0001054666 
6 368640 2 0.0001749217 
6 368640 3 0.0000993049 
6 376832 1 0.0000978917 
6 376832 2 0.0001722950 
6 376832 3 0.0000968166 
6 385024 1 0.0001022369 
6 385024 2 0.0001878787 
6 385024 3 0.0000888782 
6 393216 1 0.0001017198 
6 393216 2 0.0001859900 
6 393216 3 0.0001160768 
6 401408 1 0.0001628732 
6 401408 2 0.0002177603 
6 401408 3 0.0001065215 
6 409600 1 0.0001075036 
6 409600 2 0.0002149822 
6 409600 3 0.0000901086 
6 417792 1 0.0001102850 
6 417792 2 0.0001938178 
6 417792 3 0.0001118547 
6 425984 1 0.0001180695 
6 425984 2 0.0002088710 
6 425984 3 0.0001067092 
6 434176 1 0.0001110409 
6 434176 2 0.0002079442 
6 434176 3 0.0001131326 
6 442368 1 0.0001154482 
6 442368 2 0.0002021064 
6 442368 3 0.0001123055 
6 450560 1 0.0001174112 
6 450560 2 0.0002030256 
6 450560 3 0.0001691427 
6 458752 1 0.0001768162 
6 458752 2 0.0002130946 
6 458752 3 0.0001100190 
6 466944 1 0.0001187307 
6 466944 2 0.0002790785 
6 466944 3 0.0001147340 
6 475136 1 0.0001349548 
6 475136 2 0.0002349860 
6 475136 3 0.0001281736 
6 483328 1 0.0001340328 
6 483328 2 0.0002250366 
6 483328 3 0.0001196694 
6 491520 1 0.0001386717 
6 491520 2 0.0002329278 
6 491520 3 0.0001106844 
6 499712 1 0.0001335934 
6 499712 2 0.0002704517 
6 499712 3 0.0001110986 
6 507904 1 0.0001366303 
6 507904 2 0.0002890585 
6 507904 3 0.0001252799 
6 516096 1 0.0001342480 
6 516096 2 0.0002811512 
6 516096 3 0.0001257997 
6 524288 1 0.0001371976 
6 524288 2 0.0002891917 
6 524288 3 0.0001209112 
6 532480 1 0.0001322889 
6 532480 2 0.0003279190 
6 532480 3 0.0001223244 
6 540672 1 0.0001456863 
6 540672 2 0.0003126251 
6 540672 3 0.0001364842 
6 548864 1 0.0001505207 
6 548864 2 0.0002856636 
6 548864 3 0.0001392783 
6 557056 1 0.0001447941 
6 557056 2 0.0002828072 
6 557056 3 0.0001718180 
6 565248 1 0.0002231414 
6 565248 2 0.0002726946 
6 565248 3 0.0001371627 
6 573440 1 0.0001502634 
6 573440 2 0.0003227852 
6 573440 3 0.0001293805 
6 581632 1 0.0001536107 
6 581632 2 0.0002779694 
6 581632 3 0.0001711254 
6 589824 1 0.0002103165 
6 589824 2 0.0002990043 
6 589824 3 0.0001503252 
6 598016 1 0.0001485039 
6 598016 2 0.0003531604 
6 598016 3 0.0001417372 
6 606208 1 0.0001507636 
6 606208 2 0.0002839358 
6 606208 3 0.0001796986 
6 614400 1 0.0002057203 
6 614400 2 0.0003538767 
6 614400 3 0.0001419709 
6 622592 1 0.0001741729 
6 622592 2 0.0003051781 
6 622592 3 0.0001553274 
6 630784 1 0.0001592273 
6 630784 2 0.0003670815 
6 630784 3 0.0001896681 
6 638976 1 0.0002127341 
6 638976 2 0.0003599671 
6 638976 3 0.0001474330 
6 647168 1 0.0001567818 
6 647168 2 0.0003230067 
6 647168 3 0.0001586790 
6 655360 1 0.0001683905 
6 655360 2 0.0003795112 
6 655360 3 0.0002026538 
6 663552 1 0.0002329322 
6 663552 2 0.0003890237 
6 663552 3 0.0001799562 
6 671744 1 0.0002247152 
6 671744 2 0.0003955433 
6 671744 3 0.0001973939 
6 679936 1 0.0002262255 
6 679936 2 0.0003173948 
6 679936 3 0.0001545114 
6 688128 1 0.0001794201 
6 688128 2 0.0003101723 
6 688128 3 0.0001513848 
6 696320 1 0.0001783440 
6 696320 2 0.0003449784 
6 696320 3 0.0001569375 
6 704512 1 0.0001792203 
6 704512 2 0.0003447306 
6 704512 3 0.0001672695 
6 712704 1 0.0001803874 
6 712704 2 0.0003826732 
6 712704 3 0.0002138083 
6 720896 1 0.0002359719 
6 720896 2 0.0003921574 
6 720896 3 0.0002108457 
6 729088 1 0.0002517558 
6 729088 2 0.0004079349 
6 729088 3 0.0002017347 
6 737280 1 0.0002372782 
6 737280 2 0.0004139548 
6 737280 3 0.0001940196 
6 745472 1 0.0002420165 
6 745472 2 0.0003695040 
6 745472 3 0.0001652838 
6 753664 1 0.0001927922 
6 753664 2 0.0004253659 
6 753664 3 0.0001985821 
6 761856 1 0.0002408640 
6 761856 2 0.0004148759 
6 761856 3 0.0001850746 
6 770048 1 0.0002721125 
6 770048 2 0.0003594457 
6 770048 3 0.0002148467 
6 778240 1 0.0002601173 
6 778240 2 0.0004125672 
6 778240 3 0.0001904403 
6 786432 1 0.0002612226 
6 786432 2 0.0004313234 
6 786432 3 0.0002274622 
6 794624 1 0.0002657501 
6 794624 2 0.0004508051 
6 794624 3 0.0001938227 
6 802816 1 0.0002607152 
6 802816 2 0.0004087881 
6 802816 3 0.0002042200 
6 811008 1 0.0002767221 
6 811008 2 0.0004902125 
6 811008 3 0.0001794601 
6 819200 1 0.0002049067 
6 819200 2 0.0004439782 
6 819200 3 0.0001908043 
6 827392 1 0.0002712774 
6 827392 2 0.0004133680 
6 827392 3 0.0002082231 
6 835584 1 0.0002638650 
6 835584 2 0.0004882900 
6 835584 3 0.0002159221 
6 843776 1 0.0002768894 
6 843776 2 0.0004803703 
6 843776 3 0.0002093587 
6 851968 1 0.0002893953 
6 851968 2 0.0004606608 
6 851968 3 0.0002159383 
