8 8192 1 0.0002853179 
8 8192 2 0.0001115219 
8 16384 1 0.0001739326 
8 16384 2 0.0001514339 
8 24576 1 0.0001981283 
8 24576 2 0.0001664730 
8 32768 1 0.0002160480 
8 32768 2 0.0002403267 
8 40960 1 0.0002788004 
8 40960 2 0.0002864421 
8 49152 1 0.0002302816 
8 49152 2 0.0002405775 
8 57344 1 0.0002734314 
8 57344 2 0.0002806338 
8 65536 1 0.0003170429 
8 65536 2 0.0002797745 
8 73728 1 0.0003696519 
8 73728 2 0.0003190581 
8 81920 1 0.0003937670 
8 81920 2 0.0003514353 
8 90112 1 0.0003957933 
8 90112 2 0.0003821442 
8 98304 1 0.0004312970 
8 98304 2 0.0003992121 
8 106496 1 0.0004539117 
8 106496 2 0.0004930202 
8 114688 1 0.0004936084 
8 114688 2 0.0004668855 
8 122880 1 0.0004925646 
8 122880 2 0.0005184704 
8 131072 1 0.0005354256 
8 131072 2 0.0005293083 
8 139264 1 0.0005008104 
8 139264 2 0.0005756622 
8 147456 1 0.0005851673 
8 147456 2 0.0005354817 
8 155648 1 0.0005475184 
8 155648 2 0.0005692677 
8 163840 1 0.0005593015 
8 163840 2 0.0005881891 
8 172032 1 0.0005788527 
8 172032 2 0.0005278124 
8 180224 1 0.0005627782 
8 180224 2 0.0005739334 
8 188416 1 0.0006566717 
8 188416 2 0.0006557468 
8 196608 1 0.0006608424 
8 196608 2 0.0006256423 
8 204800 1 0.0006268059 
8 204800 2 0.0006778473 
8 212992 1 0.0006819819 
8 212992 2 0.0006834055 
8 221184 1 0.0007291148 
8 221184 2 0.0007148714 
8 229376 1 0.0007300162 
8 229376 2 0.0007130074 
8 237568 1 0.0006908168 
8 237568 2 0.0007300710 
8 245760 1 0.0007862786 
8 245760 2 0.0008055702 
8 253952 1 0.0007453786 
8 253952 2 0.0007763447 
8 262144 1 0.0007516289 
8 262144 2 0.0007437320 
8 270336 1 0.0007745930 
8 270336 2 0.0007680669 
8 278528 1 0.0008310530 
8 278528 2 0.0008344441 
8 286720 1 0.0008927985 
8 286720 2 0.0007838990 
8 294912 1 0.0008214737 
8 294912 2 0.0009126938 
8 303104 1 0.0008270612 
8 303104 2 0.0008332021 
8 311296 1 0.0009343175 
8 311296 2 0.0008081286 
8 319488 1 0.0009884698 
8 319488 2 0.0009178514 
8 327680 1 0.0008794032 
8 327680 2 0.0009510041 
8 335872 1 0.0008613241 
8 335872 2 0.0008965643 
8 344064 1 0.0008353282 
8 344064 2 0.0009251701 
8 352256 1 0.0009468396 
8 352256 2 0.0009169058 
8 360448 1 0.0008243291 
8 360448 2 0.0009632084 
8 368640 1 0.0008687851 
8 368640 2 0.0008585348 
8 376832 1 0.0008639317 
8 376832 2 0.0008804999 
8 385024 1 0.0008522680 
8 385024 2 0.0008979032 
8 393216 1 0.0009661325 
8 393216 2 0.0010091402 
8 401408 1 0.0010045156 
8 401408 2 0.0010661973 
8 409600 1 0.0008862713 
8 409600 2 0.0010615766 
8 417792 1 0.0010344128 
8 417792 2 0.0009582551 
8 425984 1 0.0011338887 
8 425984 2 0.0012190337 
8 434176 1 0.0012366035 
8 434176 2 0.0010617570 
8 442368 1 0.0010288780 
8 442368 2 0.0011744749 
8 450560 1 0.0011555353 
8 450560 2 0.0012739205 
8 458752 1 0.0012009189 
8 458752 2 0.0012184953 
8 466944 1 0.0011573572 
8 466944 2 0.0012390915 
8 475136 1 0.0013225073 
8 475136 2 0.0011824613 
8 483328 1 0.0013204425 
8 483328 2 0.0012029048 
8 491520 1 0.0013839333 
8 491520 2 0.0012244004 
8 499712 1 0.0014356321 
8 499712 2 0.0014821963 
8 507904 1 0.0014715712 
8 507904 2 0.0013541098 
8 516096 1 0.0014921088 
8 516096 2 0.0015983498 
8 524288 1 0.0015132736 
8 524288 2 0.0015662229 
8 532480 1 0.0015239729 
8 532480 2 0.0016400181 
8 540672 1 0.0015375673 
8 540672 2 0.0014510987 
8 548864 1 0.0014649325 
8 548864 2 0.0015229238 
8 557056 1 0.0015844461 
8 557056 2 0.0017472247 
8 565248 1 0.0016518744 
8 565248 2 0.0016687633 
8 573440 1 0.0016056387 
8 573440 2 0.0015429148 
8 581632 1 0.0016307921 
8 581632 2 0.0017684889 
8 589824 1 0.0017116717 
8 589824 2 0.0015327914 
8 598016 1 0.0015289808 
8 598016 2 0.0017623447 
8 606208 1 0.0017309218 
8 606208 2 0.0017655117 
8 614400 1 0.0017091815 
8 614400 2 0.0016868766 
8 622592 1 0.0016336115 
8 622592 2 0.0015856481 
8 630784 1 0.0016138909 
8 630784 2 0.0015884298 
8 638976 1 0.0016858465 
8 638976 2 0.0016952094 
8 647168 1 0.0017307203 
8 647168 2 0.0016584022 
8 655360 1 0.0016812384 
8 655360 2 0.0016398360 
8 663552 1 0.0016901932 
8 663552 2 0.0016133824 
8 671744 1 0.0017737132 
8 671744 2 0.0018175966 
8 679936 1 0.0017812748 
8 679936 2 0.0017889788 
8 688128 1 0.0016682467 
8 688128 2 0.0018488831 
8 696320 1 0.0017852225 
8 696320 2 0.0017836164 
8 704512 1 0.0017649254 
8 704512 2 0.0016932003 
8 712704 1 0.0017741320 
8 712704 2 0.0019124950 
8 720896 1 0.0019050892 
8 720896 2 0.0018598083 
8 729088 1 0.0018180987 
8 729088 2 0.0018852473 
8 737280 1 0.0018211916 
8 737280 2 0.0017865430 
8 745472 1 0.0018962726 
8 745472 2 0.0018109795 
8 753664 1 0.0018804641 
8 753664 2 0.0018964942 
8 761856 1 0.0019457619 
8 761856 2 0.0018420347 
8 770048 1 0.0019487121 
8 770048 2 0.0018130408 
8 778240 1 0.0019178029 
8 778240 2 0.0019315279 
8 786432 1 0.0018916733 
8 786432 2 0.0020673192 
8 794624 1 0.0019918382 
8 794624 2 0.0019875890 
8 802816 1 0.0019063325 
8 802816 2 0.0021985681 
8 811008 1 0.0020142578 
8 811008 2 0.0019922816 
8 819200 1 0.0020749637 
8 819200 2 0.0021442499 
8 827392 1 0.0020260664 
8 827392 2 0.0020841568 
8 835584 1 0.0018846685 
8 835584 2 0.0021323048 
8 843776 1 0.0019521445 
8 843776 2 0.0018992127 
8 851968 1 0.0019941266 
8 851968 2 0.0021311456 
8 860160 1 0.0019799014 
8 860160 2 0.0020878130 
8 868352 1 0.0019767978 
8 868352 2 0.0018549077 
8 876544 1 0.0020143580 
8 876544 2 0.0020972166 
8 884736 1 0.0019775790 
8 884736 2 0.0019137654 
8 892928 1 0.0020725770 
8 892928 2 0.0022361080 
8 901120 1 0.0019548963 
8 901120 2 0.0020862602 
8 909312 1 0.0020472641 
8 909312 2 0.0019208527 
8 917504 1 0.0020815853 
8 917504 2 0.0019722868 
8 925696 1 0.0020386618 
8 925696 2 0.0022836916 
8 933888 1 0.0022735842 
8 933888 2 0.0022210999 
8 942080 1 0.0021304720 
8 942080 2 0.0022629561 
8 950272 1 0.0024226358 
8 950272 2 0.0023986799 
8 958464 1 0.0022758255 
8 958464 2 0.0020780236 
8 966656 1 0.0021515953 
8 966656 2 0.0021531427 
8 974848 1 0.0022333247 
8 974848 2 0.0021890589 
8 983040 1 0.0023004376 
8 983040 2 0.0023911957 
8 991232 1 0.0022585263 
8 991232 2 0.0023332702 
8 999424 1 0.0023167558 
8 999424 2 0.0022238756 
8 1007616 1 0.0023649052 
8 1007616 2 0.0025240122 
8 1015808 1 0.0025396544 
8 1015808 2 0.0023228469 
8 1024000 1 0.0025312880 
8 1024000 2 0.0026223396 
8 1032192 1 0.0024863544 
8 1032192 2 0.0024739126 
8 1040384 1 0.0025729851 
8 1040384 2 0.0024329890 
8 1048576 1 0.0025379882 
8 1048576 2 0.0026257685 
