12 8192 1 0.0009152479 
12 8192 2 0.0022084071 
12 16384 1 0.0010002309 
12 16384 2 0.0009829620 
12 24576 1 0.0024765464 
12 24576 2 0.0009567766 
12 32768 1 0.0020886840 
12 32768 2 0.0014017447 
12 40960 1 0.0010568515 
12 40960 2 0.0023251073 
12 49152 1 0.0011497417 
12 49152 2 0.0023376245 
12 57344 1 0.0011570294 
12 57344 2 0.0021708942 
12 65536 1 0.0019129523 
12 65536 2 0.0047475627 
12 73728 1 0.0045789369 
12 73728 2 0.0017614127 
12 81920 1 0.0046908786 
12 81920 2 0.0046733026 
12 90112 1 0.0017887536 
12 90112 2 0.0046469784 
12 98304 1 0.0046530148 
12 98304 2 0.0018134195 
12 106496 1 0.0047512799 
12 106496 2 0.0049537745 
12 114688 1 0.0048730819 
12 114688 2 0.0018968022 
12 122880 1 0.0048743844 
12 122880 2 0.0046865577 
12 131072 1 0.0016285700 
12 131072 2 0.0045438148 
12 139264 1 0.0047365547 
12 139264 2 0.0017129502 
12 147456 1 0.0046040230 
12 147456 2 0.0047514114 
12 155648 1 0.0029337113 
12 155648 2 0.0033237217 
12 163840 1 0.0047775501 
12 163840 2 0.0048116841 
12 172032 1 0.0018952912 
12 172032 2 0.0051137077 
12 180224 1 0.0048662696 
12 180224 2 0.0048796137 
12 188416 1 0.0019708333 
12 188416 2 0.0047709869 
12 196608 1 0.0047458931 
12 196608 2 0.0019831160 
12 204800 1 0.0046612446 
12 204800 2 0.0047516496 
12 212992 1 0.0047608540 
12 212992 2 0.0019911317 
12 221184 1 0.0053023817 
12 221184 2 0.0059945864 
12 229376 1 0.0045860261 
12 229376 2 0.0058279863 
12 237568 1 0.0057612469 
12 237568 2 0.0057389573 
12 245760 1 0.0059048452 
12 245760 2 0.0062602284 
12 253952 1 0.0053504327 
12 253952 2 0.0055348371 
12 262144 1 0.0094050089 
12 262144 2 0.0054804811 
12 270336 1 0.0060829703 
12 270336 2 0.0063264915 
12 278528 1 0.0064646246 
12 278528 2 0.0064842400 
12 286720 1 0.0065763126 
12 286720 2 0.0091411827 
12 294912 1 0.0062456913 
12 294912 2 0.0059880772 
12 303104 1 0.0061972077 
12 303104 2 0.0063382532 
12 311296 1 0.0061635959 
12 311296 2 0.0061534061 
12 319488 1 0.0074377481 
12 319488 2 0.0048000359 
12 327680 1 0.0059487248 
12 327680 2 0.0088949367 
12 335872 1 0.0065908953 
12 335872 2 0.0063916017 
12 344064 1 0.0065114694 
12 344064 2 0.0064645353 
12 352256 1 0.0096746160 
12 352256 2 0.0067937607 
12 360448 1 0.0080508593 
12 360448 2 0.0065365810 
12 368640 1 0.0065738378 
12 368640 2 0.0094379054 
12 376832 1 0.0061497635 
12 376832 2 0.0068056711 
12 385024 1 0.0070117562 
12 385024 2 0.0098243468 
12 393216 1 0.0069757794 
12 393216 2 0.0098714348 
12 401408 1 0.0071664093 
12 401408 2 0.0068499633 
12 409600 1 0.0101021382 
12 409600 2 0.0074273954 
12 417792 1 0.0094792598 
12 417792 2 0.0074844679 
12 425984 1 0.0095758566 
12 425984 2 0.0077078930 
12 434176 1 0.0099437091 
12 434176 2 0.0071373719 
12 442368 1 0.0096030839 
12 442368 2 0.0072299986 
12 450560 1 0.0073615147 
12 450560 2 0.0104275105 
12 458752 1 0.0092962119 
12 458752 2 0.0082743788 
12 466944 1 0.0071335897 
12 466944 2 0.0102605811 
12 475136 1 0.0078064970 
12 475136 2 0.0104294776 
12 483328 1 0.0079122324 
12 483328 2 0.0095205187 
12 491520 1 0.0087230607 
12 491520 2 0.0088455427 
12 499712 1 0.0099408668 
12 499712 2 0.0084407181 
12 507904 1 0.0107268340 
12 507904 2 0.0075507653 
12 516096 1 0.0106354530 
12 516096 2 0.0074811155 
12 524288 1 0.0103109225 
12 524288 2 0.0071162122 
12 532480 1 0.0107937108 
12 532480 2 0.0078726366 
12 540672 1 0.0104897936 
12 540672 2 0.0074183653 
12 548864 1 0.0107216914 
12 548864 2 0.0104178443 
12 557056 1 0.0087408958 
12 557056 2 0.0095597926 
12 565248 1 0.0105834333 
12 565248 2 0.0076746409 
12 573440 1 0.0110014142 
12 573440 2 0.0108918476 
12 581632 1 0.0088599214 
12 581632 2 0.0109823117 
12 589824 1 0.0111505242 
12 589824 2 0.0111406867 
12 598016 1 0.0080842345 
12 598016 2 0.0112638264 
12 606208 1 0.0106404684 
12 606208 2 0.0113877524 
12 614400 1 0.0085810919 
12 614400 2 0.0111457519 
12 622592 1 0.0112923238 
12 622592 2 0.0111301738 
12 630784 1 0.0092688281 
12 630784 2 0.0104356970 
12 638976 1 0.0113325827 
12 638976 2 0.0114212676 
12 647168 1 0.0122053040 
12 647168 2 0.0112488780 
12 655360 1 0.0124300663 
12 655360 2 0.0115767574 
12 663552 1 0.0116979646 
12 663552 2 0.0116540191 
12 671744 1 0.0118383282 
12 671744 2 0.0121509787 
12 679936 1 0.0119621955 
12 679936 2 0.0120435676 
12 688128 1 0.0125992217 
12 688128 2 0.0121012277 
12 696320 1 0.0118692216 
12 696320 2 0.0115903370 
12 704512 1 0.0119676407 
12 704512 2 0.0083443799 
12 712704 1 0.0143133900 
12 712704 2 0.0108676233 
12 720896 1 0.0098169326 
12 720896 2 0.0125293673 
12 729088 1 0.0113499430 
12 729088 2 0.0123750985 
12 737280 1 0.0127679148 
12 737280 2 0.0108542980 
12 745472 1 0.0116665001 
12 745472 2 0.0116867725 
12 753664 1 0.0122546444 
12 753664 2 0.0125756205 
12 761856 1 0.0129030634 
12 761856 2 0.0127226523 
12 770048 1 0.0115194048 
12 770048 2 0.0144424418 
12 778240 1 0.0122046895 
12 778240 2 0.0123321276 
12 786432 1 0.0126507453 
12 786432 2 0.0126530340 
12 794624 1 0.0128844635 
12 794624 2 0.0140242328 
12 802816 1 0.0134850381 
12 802816 2 0.0121365386 
12 811008 1 0.0131207613 
12 811008 2 0.0129788067 
12 819200 1 0.0156603519 
12 819200 2 0.0128770706 
12 827392 1 0.0122668925 
12 827392 2 0.0126664008 
12 835584 1 0.0138240567 
12 835584 2 0.0111643008 
12 843776 1 0.0126977103 
12 843776 2 0.0141234354 
12 851968 1 0.0132065068 
12 851968 2 0.0132803080 
12 860160 1 0.0146467246 
12 860160 2 0.0131713853 
12 868352 1 0.0130936639 
12 868352 2 0.0134788209 
12 876544 1 0.0155142269 
12 876544 2 0.0136207282 
12 884736 1 0.0151196514 
12 884736 2 0.0136007285 
12 892928 1 0.0136886870 
12 892928 2 0.0148413723 
12 901120 1 0.0142653277 
12 901120 2 0.0166442848 
12 909312 1 0.0137050306 
12 909312 2 0.0134512404 
12 917504 1 0.0157562203 
12 917504 2 0.0131272544 
12 925696 1 0.0134555120 
12 925696 2 0.0157782403 
12 933888 1 0.0142503638 
12 933888 2 0.0156024925 
12 942080 1 0.0137970088 
12 942080 2 0.0149139416 
12 950272 1 0.0142924537 
12 950272 2 0.0152705937 
12 958464 1 0.0148704975 
12 958464 2 0.0135925275 
12 966656 1 0.0161401233 
12 966656 2 0.0137406060 
12 974848 1 0.0163628374 
12 974848 2 0.0152459401 
12 983040 1 0.0144483809 
12 983040 2 0.0137885844 
12 991232 1 0.0166311042 
12 991232 2 0.0172368249 
12 999424 1 0.0138454497 
12 999424 2 0.0166764201 
12 1007616 1 0.0138366037 
12 1007616 2 0.0165820674 
12 1015808 1 0.0167695722 
12 1015808 2 0.0141907544 
12 1024000 1 0.0164821259 
12 1024000 2 0.0140062657 
12 1032192 1 0.0167056050 
12 1032192 2 0.0137497349 
12 1040384 1 0.0169454290 
12 1040384 2 0.0166987831 
12 1048576 1 0.0142583222 
12 1048576 2 0.0169031752
