20 16384 1 0.0139978595 
20 16384 2 0.0025890139 
20 24576 1 0.0033752402 
20 24576 2 0.0030779864 
20 32768 1 0.0047406047 
20 32768 2 0.0029739659 
20 40960 1 0.0037358696 
20 40960 2 0.0036894628 
20 49152 1 0.0045851287 
20 49152 2 0.0035971307 
20 57344 1 0.0041035721 
20 57344 2 0.0035239352 
20 65536 1 0.0105782481 
20 65536 2 0.0094963643 
20 73728 1 0.0092884297 
20 73728 2 0.0085841957 
20 81920 1 0.0114394606 
20 81920 2 0.0074391471 
20 90112 1 0.0103550877 
20 90112 2 0.0086496673 
20 98304 1 0.0106034640 
20 98304 2 0.0087146198 
20 106496 1 0.0093446369 
20 106496 2 0.0104353791 
20 114688 1 0.0086729903 
20 114688 2 0.0090365732 
20 122880 1 0.0100934928 
20 122880 2 0.0102696233 
20 131072 1 0.0088432647 
20 131072 2 0.0095488100 
20 139264 1 0.0114772128 
20 139264 2 0.0100478929 
20 147456 1 0.0103240882 
20 147456 2 0.0106001712 
20 155648 1 0.0106375702 
20 155648 2 0.0090558642 
20 163840 1 0.0114717618 
20 163840 2 0.0109847833 
20 172032 1 0.0089524840 
20 172032 2 0.0109800464 
20 180224 1 0.0105559119 
20 180224 2 0.0113639753 
20 188416 1 0.0096723603 
20 188416 2 0.0107603569 
20 196608 1 0.0141890925 
20 196608 2 0.0149089840 
20 204800 1 0.0095382980 
20 204800 2 0.0118977948 
20 212992 1 0.0120623251 
20 212992 2 0.0109944767 
20 221184 1 0.0118867064 
20 221184 2 0.0129777563 
20 229376 1 0.0112069731 
20 229376 2 0.0112594647 
20 237568 1 0.0141504089 
20 237568 2 0.0103109388 
20 245760 1 0.0142685645 
20 245760 2 0.0105060398 
20 253952 1 0.0111572557 
20 253952 2 0.0127254226 
20 262144 1 0.0130038393 
20 262144 2 0.0126655664 
20 270336 1 0.0142564155 
20 270336 2 0.0145347191 
20 278528 1 0.0130286499 
20 278528 2 0.0119193315 
20 286720 1 0.0122816007 
20 286720 2 0.0150922560 
20 294912 1 0.0139861273 
20 294912 2 0.0133531870 
20 303104 1 0.0131149900 
20 303104 2 0.0144788090 
20 311296 1 0.0131448095 
20 311296 2 0.0129884782 
20 319488 1 0.0134825485 
20 319488 2 0.0153202384 
20 327680 1 0.0136506970 
20 327680 2 0.0152620612 
20 335872 1 0.0133488747 
20 335872 2 0.0155659341 
20 344064 1 0.0135156355 
20 344064 2 0.0165422649 
20 352256 1 0.0156911837 
20 352256 2 0.0144021022 
20 360448 1 0.0146871838 
20 360448 2 0.0131306990 
20 368640 1 0.0140948511 
20 368640 2 0.0148121224 
20 376832 1 0.0142358478 
20 376832 2 0.0127175581 
20 385024 1 0.0163993583 
20 385024 2 0.0128450555 
20 393216 1 0.0167592353 
20 393216 2 0.0164689503 
20 401408 1 0.0159338719 
20 401408 2 0.0146903288 
20 409600 1 0.0165358748 
20 409600 2 0.0142666822 
20 417792 1 0.0154487347 
20 417792 2 0.0214590381 
20 425984 1 0.0217380724 
20 425984 2 0.0159882740 
20 434176 1 0.0173294486 
20 434176 2 0.0165566029 
20 442368 1 0.0155148440 
20 442368 2 0.0172036034 
20 450560 1 0.0181184140 
20 450560 2 0.0214897008 
20 458752 1 0.0166086077 
20 458752 2 0.0172993047 
20 466944 1 0.0174083294 
20 466944 2 0.0179469011 
20 475136 1 0.0167315085 
20 475136 2 0.0188434497 
20 483328 1 0.0214586610 
20 483328 2 0.0157814589 
20 491520 1 0.0182634858 
20 491520 2 0.0176010897 
20 499712 1 0.0161734083 
20 499712 2 0.0189757781 
20 507904 1 0.0181763564 
20 507904 2 0.0190853340 
20 516096 1 0.0188894493 
20 516096 2 0.0198789792 
20 524288 1 0.0187234395 
20 524288 2 0.0194233958 
20 532480 1 0.0180059500 
20 532480 2 0.0199725393 
20 540672 1 0.0192954674 
20 540672 2 0.0215436220 
20 548864 1 0.0201629193 
20 548864 2 0.0205454484 
20 557056 1 0.0194697951 
20 557056 2 0.0193514031 
20 565248 1 0.0195893792 
20 565248 2 0.0199312814 
20 573440 1 0.0191319795 
20 573440 2 0.0216406695 
20 581632 1 0.0199008057 
20 581632 2 0.0205044376 
20 589824 1 0.0190816747 
20 589824 2 0.0203576898 
20 598016 1 0.0222121317 
20 598016 2 0.0205336369 
20 606208 1 0.0214900322 
20 606208 2 0.0211674217 
20 614400 1 0.0205785208 
20 614400 2 0.0205727823 
20 622592 1 0.0214741925 
20 622592 2 0.0230458194 
20 630784 1 0.0207082856 
20 630784 2 0.0197715753 
20 638976 1 0.0202216593 
20 638976 2 0.0287038828 
20 647168 1 0.0205265596 
20 647168 2 0.0239242156 
20 655360 1 0.0241711779 
20 655360 2 0.0219862630 
20 663552 1 0.0235590488 
20 663552 2 0.0205805964 
20 671744 1 0.0210666768 
20 671744 2 0.0235769054 
20 679936 1 0.0224863406 
20 679936 2 0.0235036112 
20 688128 1 0.0230987353 
20 688128 2 0.0232038271 
20 696320 1 0.0229296092 
20 696320 2 0.0244011557 
20 704512 1 0.0236474645 
20 704512 2 0.0238768867 
20 712704 1 0.0235360881 
20 712704 2 0.0237874512 
20 720896 1 0.0241883493 
20 720896 2 0.0242247932 
20 729088 1 0.0232740020 
20 729088 2 0.0231199012 
20 737280 1 0.0244049949 
20 737280 2 0.0237432015 
20 745472 1 0.0238899221 
20 745472 2 0.0240179525 
20 753664 1 0.0267408404 
20 753664 2 0.0243517404 
20 761856 1 0.0257471453 
20 761856 2 0.0241295496 
20 770048 1 0.0247511661 
20 770048 2 0.0241509888 
20 778240 1 0.0253202034 
20 778240 2 0.0261375148 
20 786432 1 0.0243358064 
20 786432 2 0.0231113970 
20 794624 1 0.0263879783 
20 794624 2 0.0301495551 
20 802816 1 0.0251797214 
20 802816 2 0.0259003247 
20 811008 1 0.0263819546 
20 811008 2 0.0256003749 
20 819200 1 0.0280184489 
20 819200 2 0.0263168270 
20 827392 1 0.0248663608 
20 827392 2 0.0272425449 
20 835584 1 0.0276381277 
20 835584 2 0.0282395162 
20 843776 1 0.0281451321 
20 843776 2 0.0260660817 
20 851968 1 0.0253709425 
20 851968 2 0.0269172041 
20 860160 1 0.0268433553 
20 860160 2 0.0284706106 
20 868352 1 0.0259579397 
20 868352 2 0.0279058137 
20 876544 1 0.0258185294 
20 876544 2 0.0265360496 
20 884736 1 0.0278671143 
20 884736 2 0.0277375770 
20 892928 1 0.0268193687 
20 892928 2 0.0282590685 
20 901120 1 0.0277012595 
20 901120 2 0.0258999897 
20 909312 1 0.0293419501 
20 909312 2 0.0282586663 
20 917504 1 0.0289300300 
20 917504 2 0.0301739637 
20 925696 1 0.0275360047 
20 925696 2 0.0302651336 
20 933888 1 0.0295348224 
20 933888 2 0.0342475264 
20 942080 1 0.0314961199 
20 942080 2 0.0293832660 
20 950272 1 0.0292557838 
20 950272 2 0.0303577305 
20 958464 1 0.0326879188 
20 958464 2 0.0280513916 
20 966656 1 0.0313044921 
20 966656 2 0.0293909196 
20 974848 1 0.0296484518 
20 974848 2 0.0295849899 
20 983040 1 0.0318076726 
20 983040 2 0.0292166801 
20 991232 1 0.0313600468 
20 991232 2 0.0339224635 
20 999424 1 0.0317244826 
20 999424 2 0.0294538934 
20 1007616 1 0.0313374821 
20 1007616 2 0.0303307129 
20 1015808 1 0.0315794178 
20 1015808 2 0.0291215788 
20 1024000 1 0.0315382710 
20 1024000 2 0.0305958685 
20 1032192 1 0.0322127814 
20 1032192 2 0.0339806956 
20 1040384 1 0.0328763722 
20 1040384 2 0.0314605588 
20 1048576 1 0.0327333041 
20 1048576 2 0.0310858142 
