20 8192 1 0.0027442302 
20 8192 2 0.0158443621 
20 16384 1 0.0033795313 
20 16384 2 0.0041428781 
20 24576 1 0.0041774024 
20 24576 2 0.0040533478 
20 32768 1 0.0041897981 
20 32768 2 0.0040492526 
20 40960 1 0.0046017647 
20 40960 2 0.0044629655 
20 49152 1 0.0041464343 
20 49152 2 0.0039365106 
20 57344 1 0.0053895263 
20 57344 2 0.0035066289 
20 65536 1 0.0102159298 
20 65536 2 0.0082967827 
20 73728 1 0.0091144875 
20 73728 2 0.0083938794 
20 81920 1 0.0091209074 
20 81920 2 0.0085967104 
20 90112 1 0.0099905080 
20 90112 2 0.0082917124 
20 98304 1 0.0094163251 
20 98304 2 0.0088699226 
20 106496 1 0.0094469214 
20 106496 2 0.0081041480 
20 114688 1 0.0092658714 
20 114688 2 0.0103587070 
20 122880 1 0.0099066210 
20 122880 2 0.0085273748 
20 131072 1 0.0106451794 
20 131072 2 0.0114253196 
20 139264 1 0.0110272880 
20 139264 2 0.0087884832 
20 147456 1 0.0110368559 
20 147456 2 0.0103184620 
20 155648 1 0.0111311450 
20 155648 2 0.0101427738 
20 163840 1 0.0111821202 
20 163840 2 0.0089430545 
20 172032 1 0.0121755080 
20 172032 2 0.0106201951 
20 180224 1 0.0099691258 
20 180224 2 0.0144995915 
20 188416 1 0.0094460886 
20 188416 2 0.0096340555 
20 196608 1 0.0101076400 
20 196608 2 0.0111527265 
20 204800 1 0.0126702245 
20 204800 2 0.0106736429 
20 212992 1 0.0127163371 
20 212992 2 0.0108056439 
20 221184 1 0.0127942780 
20 221184 2 0.0126845164 
20 229376 1 0.0110790225 
20 229376 2 0.0111428835 
20 237568 1 0.0110577746 
20 237568 2 0.0121909126 
20 245760 1 0.0121899695 
20 245760 2 0.0132457534 
20 253952 1 0.0139991812 
20 253952 2 0.0109774043 
20 262144 1 0.0124935518 
20 262144 2 0.0124297783 
20 270336 1 0.0148821341 
20 270336 2 0.0126718306 
20 278528 1 0.0144182705 
20 278528 2 0.0157751037 
20 286720 1 0.0145403954 
20 286720 2 0.0132289370 
20 294912 1 0.0163744699 
20 294912 2 0.0174516768 
20 303104 1 0.0158867586 
20 303104 2 0.0135678244 
20 311296 1 0.0138983553 
20 311296 2 0.0140251513 
20 319488 1 0.0139179014 
20 319488 2 0.0137079689 
20 327680 1 0.0135086656 
20 327680 2 0.0133041994 
20 335872 1 0.0146960893 
20 335872 2 0.0160619878 
20 344064 1 0.0156373186 
20 344064 2 0.0159583118 
20 352256 1 0.0144306640 
20 352256 2 0.0143723096 
20 360448 1 0.0152134019 
20 360448 2 0.0131373667 
20 368640 1 0.0145126589 
20 368640 2 0.0152612469 
20 376832 1 0.0156047250 
20 376832 2 0.0169302568 
20 385024 1 0.0155481234 
20 385024 2 0.0169784725 
20 393216 1 0.0149474147 
20 393216 2 0.0143360033 
20 401408 1 0.0166279913 
20 401408 2 0.0162741875 
20 409600 1 0.0156024313 
20 409600 2 0.0154502992 
20 417792 1 0.0159803269 
20 417792 2 0.0166287898 
20 425984 1 0.0168839701 
20 425984 2 0.0171603098 
20 434176 1 0.0184021460 
20 434176 2 0.0170156632 
20 442368 1 0.0191201200 
20 442368 2 0.0194795361 
20 450560 1 0.0157690577 
20 450560 2 0.0179621386 
20 458752 1 0.0157177353 
20 458752 2 0.0199928034 
20 466944 1 0.0174650985 
20 466944 2 0.0210124751 
20 475136 1 0.0179667307 
20 475136 2 0.0180402091 
20 483328 1 0.0205014815 
20 483328 2 0.0186999238 
20 491520 1 0.0187641556 
20 491520 2 0.0185838746 
20 499712 1 0.0183314307 
20 499712 2 0.0201665222 
20 507904 1 0.0208507174 
20 507904 2 0.0255928067 
20 516096 1 0.0222507837 
20 516096 2 0.0189756067 
20 524288 1 0.0194501277 
20 524288 2 0.0190781722 
20 532480 1 0.0209540256 
20 532480 2 0.0184625333 
20 540672 1 0.0201560230 
20 540672 2 0.0187194686 
20 548864 1 0.0210161297 
20 548864 2 0.0197979952 
20 557056 1 0.0201873005 
20 557056 2 0.0188968838 
20 565248 1 0.0214804945 
20 565248 2 0.0195142814 
20 573440 1 0.0200261990 
20 573440 2 0.0210046715 
20 581632 1 0.0210279311 
20 581632 2 0.0208035278 
20 589824 1 0.0227742353 
20 589824 2 0.0212006886 
20 598016 1 0.0217537471 
20 598016 2 0.0212817473 
20 606208 1 0.0223047009 
20 606208 2 0.0241938035 
20 614400 1 0.0238228779 
20 614400 2 0.0209707387 
20 622592 1 0.0232190708 
20 622592 2 0.0226902227 
20 630784 1 0.0220873892 
20 630784 2 0.0214102386 
20 638976 1 0.0206652832 
20 638976 2 0.0244932008 
20 647168 1 0.0225758379 
20 647168 2 0.0238268999 
20 655360 1 0.0262930626 
20 655360 2 0.0236462364 
20 663552 1 0.0215636005 
20 663552 2 0.0236640979 
20 671744 1 0.0247247596 
20 671744 2 0.0231179933 
20 679936 1 0.0273889791 
20 679936 2 0.0307987020 
20 688128 1 0.0227940698 
20 688128 2 0.0258632364 
20 696320 1 0.0243786126 
20 696320 2 0.0247671660 
20 704512 1 0.0233240658 
20 704512 2 0.0240222096 
20 712704 1 0.0252119808 
20 712704 2 0.0246447589 
20 720896 1 0.0253954277 
20 720896 2 0.0245742281 
20 729088 1 0.0263060292 
20 729088 2 0.0284662040 
20 737280 1 0.0277518351 
20 737280 2 0.0253762600 
20 745472 1 0.0278748138 
20 745472 2 0.0270887533 
20 753664 1 0.0251186775 
20 753664 2 0.0262512245 
20 761856 1 0.0269669745 
20 761856 2 0.0264126077 
20 770048 1 0.0266927956 
20 770048 2 0.0274005174 
20 778240 1 0.0275079298 
20 778240 2 0.0293259895 
20 786432 1 0.0282500848 
20 786432 2 0.0259104293 
20 794624 1 0.0271345869 
20 794624 2 0.0270875927 
20 802816 1 0.0270457901 
20 802816 2 0.0270954325 
20 811008 1 0.0301797814 
20 811008 2 0.0274145568 
20 819200 1 0.0288813954 
20 819200 2 0.0407048965 
20 827392 1 0.0332733193 
20 827392 2 0.0286145289 
20 835584 1 0.0311064002 
20 835584 2 0.0293311589 
20 843776 1 0.0288667498 
20 843776 2 0.0288016769 
20 851968 1 0.0286649283 
20 851968 2 0.0295158540 
20 860160 1 0.0303659596 
20 860160 2 0.0314007564 
20 868352 1 0.0304587691 
20 868352 2 0.0290379695 
20 876544 1 0.0304658804 
20 876544 2 0.0284158428 
20 884736 1 0.0299856663 
20 884736 2 0.0310513725 
20 892928 1 0.0292721078 
20 892928 2 0.0286909656 
20 901120 1 0.0312825776 
20 901120 2 0.0303367924 
20 909312 1 0.0304187706 
20 909312 2 0.0315155389 
20 917504 1 0.0306345131 
20 917504 2 0.0301283142 
20 925696 1 0.0300497038 
20 925696 2 0.0317790556 
20 933888 1 0.0336455810 
20 933888 2 0.0337750799 
20 942080 1 0.0334953845 
20 942080 2 0.0375151993 
20 950272 1 0.0313891660 
20 950272 2 0.0337030716 
20 958464 1 0.0331720631 
20 958464 2 0.0298971036 
20 966656 1 0.0324658656 
20 966656 2 0.0313585766 
20 974848 1 0.0311457688 
20 974848 2 0.0325910492 
20 983040 1 0.0334754605 
20 983040 2 0.0325320689 
20 991232 1 0.0319648696 
20 991232 2 0.0342016854 
20 999424 1 0.0336671825 
20 999424 2 0.0344884714 
20 1007616 1 0.0335071357 
20 1007616 2 0.0329550731 
20 1015808 1 0.0349718985 
20 1015808 2 0.0349467342 
20 1024000 1 0.0319785292 
20 1024000 2 0.0320459858 
20 1032192 1 0.0312877308 
20 1032192 2 0.0355601756 
20 1040384 1 0.0362655765 
20 1040384 2 0.0349477175 
20 1048576 1 0.0357208696 
20 1048576 2 0.0350860307 
