14 8192 1 0.0008773550 
14 8192 2 0.0009479870 
14 16384 1 0.0027836941 
14 16384 2 0.0009166136 
14 24576 1 0.0028629029 
14 24576 2 0.0010952638 
14 32768 1 0.0027364068 
14 32768 2 0.0012041902 
14 40960 1 0.0032310734 
14 40960 2 0.0010776695 
14 49152 1 0.0027572344 
14 49152 2 0.0012398381 
14 57344 1 0.0030514541 
14 57344 2 0.0014558053 
14 65536 1 0.0056755589 
14 65536 2 0.0046827617 
14 73728 1 0.0052987485 
14 73728 2 0.0052612477 
14 81920 1 0.0050545771 
14 81920 2 0.0020265066 
14 90112 1 0.0051027521 
14 90112 2 0.0051812679 
14 98304 1 0.0050892181 
14 98304 2 0.0053194326 
14 106496 1 0.0023823578 
14 106496 2 0.0048874815 
14 114688 1 0.0053248124 
14 114688 2 0.0051524650 
14 122880 1 0.0050209783 
14 122880 2 0.0021539614 
14 131072 1 0.0049154881 
14 131072 2 0.0054679313 
14 139264 1 0.0055809435 
14 139264 2 0.0053798200 
14 147456 1 0.0054259577 
14 147456 2 0.0057425001 
14 155648 1 0.0056230151 
14 155648 2 0.0060154697 
14 163840 1 0.0053364716 
14 163840 2 0.0057777411 
14 172032 1 0.0057306735 
14 172032 2 0.0056037661 
14 180224 1 0.0055515601 
14 180224 2 0.0041741437 
14 188416 1 0.0042821336 
14 188416 2 0.0060781273 
14 196608 1 0.0054684613 
14 196608 2 0.0067633694 
14 204800 1 0.0068536807 
14 204800 2 0.0072045064 
14 212992 1 0.0063682915 
14 212992 2 0.0057241120 
14 221184 1 0.0061706999 
14 221184 2 0.0058240152 
14 229376 1 0.0059052182 
14 229376 2 0.0057512073 
14 237568 1 0.0059044597 
14 237568 2 0.0058472391 
14 245760 1 0.0061014254 
14 245760 2 0.0059718373 
14 253952 1 0.0060996670 
14 253952 2 0.0060911998 
14 262144 1 0.0095140033 
14 262144 2 0.0063840375 
14 270336 1 0.0065227931 
14 270336 2 0.0069829724 
14 278528 1 0.0083109783 
14 278528 2 0.0075869405 
14 286720 1 0.0066474059 
14 286720 2 0.0064823164 
14 294912 1 0.0082840618 
14 294912 2 0.0074163165 
14 303104 1 0.0091700936 
14 303104 2 0.0065443507 
14 311296 1 0.0069521504 
14 311296 2 0.0096416712 
14 319488 1 0.0068837934 
14 319488 2 0.0065888165 
14 327680 1 0.0066713805 
14 327680 2 0.0099679590 
14 335872 1 0.0069053002 
14 335872 2 0.0068814845 
14 344064 1 0.0098865846 
14 344064 2 0.0066909015 
14 352256 1 0.0068047815 
14 352256 2 0.0101303080 
14 360448 1 0.0070162841 
14 360448 2 0.0069394173 
14 368640 1 0.0098137970 
14 368640 2 0.0068156864 
14 376832 1 0.0072633915 
14 376832 2 0.0097869136 
14 385024 1 0.0070224126 
14 385024 2 0.0071488407 
14 393216 1 0.0103929562 
14 393216 2 0.0073394526 
14 401408 1 0.0107069348 
14 401408 2 0.0087073397 
14 409600 1 0.0099103710 
14 409600 2 0.0077201033 
14 417792 1 0.0104489617 
14 417792 2 0.0077399733 
14 425984 1 0.0105738048 
14 425984 2 0.0080516779 
14 434176 1 0.0103282744 
14 434176 2 0.0075698017 
14 442368 1 0.0102772163 
14 442368 2 0.0082218819 
14 450560 1 0.0107467176 
14 450560 2 0.0102594400 
14 458752 1 0.0079252679 
14 458752 2 0.0106883095 
14 466944 1 0.0078618613 
14 466944 2 0.0099037883 
14 475136 1 0.0110191423 
14 475136 2 0.0105269848 
14 483328 1 0.0084250658 
14 483328 2 0.0107723636 
14 491520 1 0.0079910296 
14 491520 2 0.0108460765 
14 499712 1 0.0102666385 
14 499712 2 0.0083682862 
14 507904 1 0.0110421585 
14 507904 2 0.0079879608 
14 516096 1 0.0119173485 
14 516096 2 0.0101537771 
14 524288 1 0.0114095351 
14 524288 2 0.0084536980 
14 532480 1 0.0111119764 
14 532480 2 0.0114487499 
14 540672 1 0.0113561828 
14 540672 2 0.0084538809 
14 548864 1 0.0113563622 
14 548864 2 0.0113119853 
14 557056 1 0.0113698076 
14 557056 2 0.0086004216 
14 565248 1 0.0112163342 
14 565248 2 0.0115852322 
14 573440 1 0.0115737791 
14 573440 2 0.0108501346 
14 581632 1 0.0093721104 
14 581632 2 0.0118786784 
14 589824 1 0.0113994702 
14 589824 2 0.0115759171 
14 598016 1 0.0113904734 
14 598016 2 0.0115430197 
14 606208 1 0.0088204721 
14 606208 2 0.0119096106 
14 614400 1 0.0114563606 
14 614400 2 0.0118893304 
14 622592 1 0.0112073553 
14 622592 2 0.0119144054 
14 630784 1 0.0120882975 
14 630784 2 0.0118341376 
14 638976 1 0.0122297338 
14 638976 2 0.0112402320 
14 647168 1 0.0116404896 
14 647168 2 0.0125176422 
14 655360 1 0.0113147739 
14 655360 2 0.0133837140 
14 663552 1 0.0128525454 
14 663552 2 0.0124901027 
14 671744 1 0.0131926168 
14 671744 2 0.0120941319 
14 679936 1 0.0128416001 
14 679936 2 0.0123097548 
14 688128 1 0.0125310212 
14 688128 2 0.0138614291 
14 696320 1 0.0126044478 
14 696320 2 0.0150174417 
14 704512 1 0.0159679407 
14 704512 2 0.0141785575 
14 712704 1 0.0171854048 
14 712704 2 0.0138752849 
14 720896 1 0.0169840098 
14 720896 2 0.0142474062 
14 729088 1 0.0170945984 
14 729088 2 0.0148118689 
14 737280 1 0.0170568536 
14 737280 2 0.0140350577 
14 745472 1 0.0174614173 
14 745472 2 0.0163799868 
14 753664 1 0.0158598166 
14 753664 2 0.0168977562 
14 761856 1 0.0142313150 
14 761856 2 0.0169816196 
14 770048 1 0.0146680578 
14 770048 2 0.0172344723 
14 778240 1 0.0147913340 
14 778240 2 0.0174542950 
14 786432 1 0.0176797700 
14 786432 2 0.0143568302 
14 794624 1 0.0176899297 
14 794624 2 0.0142837320 
14 802816 1 0.0198088511 
14 802816 2 0.0177967204 
14 811008 1 0.0154377656 
14 811008 2 0.0178356623 
14 819200 1 0.0180436135 
14 819200 2 0.0169526033 
14 827392 1 0.0168629746 
14 827392 2 0.0183475368 
14 835584 1 0.0175813894 
14 835584 2 0.0186396127 
14 843776 1 0.0182790986 
14 843776 2 0.0183204516 
14 851968 1 0.0185365061 
14 851968 2 0.0166774607 
14 860160 1 0.0185589363 
14 860160 2 0.0180672962 
14 868352 1 0.0186099136 
14 868352 2 0.0186216603 
14 876544 1 0.0188339144 
14 876544 2 0.0189692108 
14 884736 1 0.0187113801 
14 884736 2 0.0193914166 
14 892928 1 0.0177329598 
14 892928 2 0.0186994017 
14 901120 1 0.0185595187 
14 901120 2 0.0187691450 
14 909312 1 0.0182458098 
14 909312 2 0.0186622643 
14 917504 1 0.0192566321 
14 917504 2 0.0170190739 
14 925696 1 0.0182514162 
14 925696 2 0.0189244300 
14 933888 1 0.0193791774 
14 933888 2 0.0192161438 
14 942080 1 0.0184421465 
14 942080 2 0.0213486310 
14 950272 1 0.0201155177 
14 950272 2 0.0189269594 
14 958464 1 0.0181732932 
14 958464 2 0.0188815548 
14 966656 1 0.0194109765 
14 966656 2 0.0184951008 
14 974848 1 0.0189399233 
14 974848 2 0.0202456312 
14 983040 1 0.0201875401 
14 983040 2 0.0198515446 
14 991232 1 0.0177400071 
14 991232 2 0.0220252080 
14 999424 1 0.0201747781 
14 999424 2 0.0196588142 
14 1007616 1 0.0196661444 
14 1007616 2 0.0219220901 
14 1015808 1 0.0201498470 
14 1015808 2 0.0193177294 
14 1024000 1 0.0192042733 
14 1024000 2 0.0201946308 
14 1032192 1 0.0221259159 
14 1032192 2 0.0205911995 
14 1040384 1 0.0220161617 
14 1040384 2 0.0204287774 
14 1048576 1 0.0208383643 
14 1048576 2 0.0203500009 
