10 8192 1 0.0006339841 
10 8192 2 0.0008165753 
10 16384 1 0.0007877745 
10 16384 2 0.0014550470 
10 24576 1 0.0006131847 
10 24576 2 0.0006859878 
10 32768 1 0.0007872981 
10 32768 2 0.0021224339 
10 40960 1 0.0006762910 
10 40960 2 0.0006713834 
10 49152 1 0.0020000533 
10 49152 2 0.0006708357 
10 57344 1 0.0007248531 
10 57344 2 0.0019617634 
10 65536 1 0.0013344784 
10 65536 2 0.0038811299 
10 73728 1 0.0012596147 
10 73728 2 0.0039053737 
10 81920 1 0.0042049053 
10 81920 2 0.0017231343 
10 90112 1 0.0047171102 
10 90112 2 0.0031407341 
10 98304 1 0.0023771779 
10 98304 2 0.0042550006 
10 106496 1 0.0038876535 
10 106496 2 0.0027068420 
10 114688 1 0.0038834572 
10 114688 2 0.0024285052 
10 122880 1 0.0035904501 
10 122880 2 0.0044459057 
10 131072 1 0.0032059815 
10 131072 2 0.0027322512 
10 139264 1 0.0044362558 
10 139264 2 0.0029071295 
10 147456 1 0.0035397603 
10 147456 2 0.0034985826 
10 155648 1 0.0040547213 
10 155648 2 0.0024063190 
10 163840 1 0.0041959338 
10 163840 2 0.0039635468 
10 172032 1 0.0022090530 
10 172032 2 0.0043067025 
10 180224 1 0.0041795289 
10 180224 2 0.0022755423 
10 188416 1 0.0039965258 
10 188416 2 0.0041567913 
10 196608 1 0.0033766587 
10 196608 2 0.0030775800 
10 204800 1 0.0040176685 
10 204800 2 0.0023431439 
10 212992 1 0.0041079576 
10 212992 2 0.0042707809 
10 221184 1 0.0042053515 
10 221184 2 0.0026876237 
10 229376 1 0.0040981201 
10 229376 2 0.0041466007 
10 237568 1 0.0041563703 
10 237568 2 0.0023982623 
10 245760 1 0.0039965827 
10 245760 2 0.0038958142 
10 253952 1 0.0026673730 
10 253952 2 0.0044914242 
10 262144 1 0.0043752390 
10 262144 2 0.0043041997 
10 270336 1 0.0024336606 
10 270336 2 0.0047404724 
10 278528 1 0.0041043153 
10 278528 2 0.0042252122 
10 286720 1 0.0020719725 
10 286720 2 0.0045766739 
10 294912 1 0.0044020015 
10 294912 2 0.0045363883 
10 303104 1 0.0020172877 
10 303104 2 0.0042821104 
10 311296 1 0.0042631397 
10 311296 2 0.0017875664 
10 319488 1 0.0041518828 
10 319488 2 0.0042202643 
10 327680 1 0.0019565474 
10 327680 2 0.0043486654 
10 335872 1 0.0042914091 
10 335872 2 0.0017219979 
10 344064 1 0.0045206730 
10 344064 2 0.0043273535 
10 352256 1 0.0024404658 
10 352256 2 0.0043500310 
10 360448 1 0.0044232266 
10 360448 2 0.0044845162 
10 368640 1 0.0020818500 
10 368640 2 0.0047112762 
10 376832 1 0.0049384999 
10 376832 2 0.0047546127 
10 385024 1 0.0050212842 
10 385024 2 0.0050565162 
10 393216 1 0.0049618037 
10 393216 2 0.0052887205 
10 401408 1 0.0024649025 
10 401408 2 0.0053763147 
10 409600 1 0.0051286274 
10 409600 2 0.0051370855 
10 417792 1 0.0048609101 
10 417792 2 0.0052723809 
10 425984 1 0.0052284333 
10 425984 2 0.0054311806 
10 434176 1 0.0050441263 
10 434176 2 0.0055237612 
10 442368 1 0.0051145035 
10 442368 2 0.0053473281 
10 450560 1 0.0051685203 
10 450560 2 0.0052675616 
10 458752 1 0.0050780982 
10 458752 2 0.0051608125 
10 466944 1 0.0024995733 
10 466944 2 0.0053368008 
10 475136 1 0.0053335097 
10 475136 2 0.0056415842 
10 483328 1 0.0058624979 
10 483328 2 0.0054843427 
10 491520 1 0.0054491476 
10 491520 2 0.0059026226 
10 499712 1 0.0066385315 
10 499712 2 0.0070549820 
10 507904 1 0.0049797206 
10 507904 2 0.0062735678 
10 516096 1 0.0054501526 
10 516096 2 0.0056003025 
10 524288 1 0.0057592306 
10 524288 2 0.0058044027 
10 532480 1 0.0054380148 
10 532480 2 0.0054750041 
10 540672 1 0.0055049791 
10 540672 2 0.0052961552 
10 548864 1 0.0055892842 
10 548864 2 0.0052747608 
10 557056 1 0.0053793406 
10 557056 2 0.0052485107 
10 565248 1 0.0054539571 
10 565248 2 0.0055002486 
10 573440 1 0.0054662683 
10 573440 2 0.0055793865 
10 581632 1 0.0053852699 
10 581632 2 0.0053846994 
10 589824 1 0.0057066456 
10 589824 2 0.0055838420 
10 598016 1 0.0054320620 
10 598016 2 0.0057033790 
10 606208 1 0.0055809232 
10 606208 2 0.0055245462 
10 614400 1 0.0055123354 
10 614400 2 0.0055145819 
10 622592 1 0.0055923274 
10 622592 2 0.0055547163 
10 630784 1 0.0058449132 
10 630784 2 0.0077007086 
10 638976 1 0.0056817115 
10 638976 2 0.0059123528 
10 647168 1 0.0058605990 
10 647168 2 0.0056785240 
10 655360 1 0.0060800135 
10 655360 2 0.0059156338 
10 663552 1 0.0058172029 
10 663552 2 0.0060086351 
10 671744 1 0.0086326803 
10 671744 2 0.0063739198 
10 679936 1 0.0062006139 
10 679936 2 0.0061121195 
10 688128 1 0.0058786934 
10 688128 2 0.0086867391 
10 696320 1 0.0064344462 
10 696320 2 0.0066340892 
10 704512 1 0.0076157429 
10 704512 2 0.0071223289 
10 712704 1 0.0060180085 
10 712704 2 0.0060838625 
10 720896 1 0.0062619366 
10 720896 2 0.0087227091 
10 729088 1 0.0061795308 
10 729088 2 0.0062882278 
10 737280 1 0.0061219898 
10 737280 2 0.0061218291 
10 745472 1 0.0085623596 
10 745472 2 0.0060718276 
10 753664 1 0.0062419464 
10 753664 2 0.0064398825 
10 761856 1 0.0089327564 
10 761856 2 0.0067440139 
10 770048 1 0.0063250715 
10 770048 2 0.0091454390 
10 778240 1 0.0065700593 
10 778240 2 0.0066894184 
10 786432 1 0.0091965483 
10 786432 2 0.0063663052 
10 794624 1 0.0066200070 
10 794624 2 0.0094966148 
10 802816 1 0.0064559703 
10 802816 2 0.0065078413 
10 811008 1 0.0094326984 
10 811008 2 0.0064446562 
10 819200 1 0.0065854621 
10 819200 2 0.0092258691 
10 827392 1 0.0066545440 
10 827392 2 0.0095266394 
10 835584 1 0.0067694965 
10 835584 2 0.0091481189 
10 843776 1 0.0069382276 
10 843776 2 0.0070766700 
10 851968 1 0.0092597766 
10 851968 2 0.0070341595 
10 860160 1 0.0091008024 
10 860160 2 0.0070248445 
10 868352 1 0.0094123356 
10 868352 2 0.0068681996 
10 876544 1 0.0070145200 
10 876544 2 0.0090540437 
10 884736 1 0.0069207403 
10 884736 2 0.0097184597 
10 892928 1 0.0068087303 
10 892928 2 0.0085860362 
10 901120 1 0.0074386048 
10 901120 2 0.0071377983 
10 909312 1 0.0098649876 
10 909312 2 0.0069421381 
10 917504 1 0.0100278823 
10 917504 2 0.0072574308 
10 925696 1 0.0095996167 
10 925696 2 0.0072867175 
10 933888 1 0.0093780000 
10 933888 2 0.0070577448 
10 942080 1 0.0096582049 
10 942080 2 0.0073791704 
10 950272 1 0.0098013513 
10 950272 2 0.0072337082 
10 958464 1 0.0100640361 
10 958464 2 0.0073524373 
10 966656 1 0.0096294583 
10 966656 2 0.0071825617 
10 974848 1 0.0098363807 
10 974848 2 0.0079985021 
10 983040 1 0.0095195712 
10 983040 2 0.0099551821 
10 991232 1 0.0078495834 
10 991232 2 0.0099510445 
10 999424 1 0.0085743808 
10 999424 2 0.0086769061 
10 1007616 1 0.0100773101 
10 1007616 2 0.0075845120 
10 1015808 1 0.0100764992 
10 1015808 2 0.0100981978 
10 1024000 1 0.0078940769 
10 1024000 2 0.0101591481 
10 1032192 1 0.0095830870 
10 1032192 2 0.0084057144 
10 1040384 1 0.0103874844 
10 1040384 2 0.0102871830 
10 1048576 1 0.0080902845 
10 1048576 2 0.0103096442 
