10 8192 1 0.0006339841 
10 8192 2 0.0008165753 
10 16384 1 0.0007877745 
10 16384 2 0.0014550470 
10 32768 1 0.0007872981 
10 32768 2 0.0021224339 
10 65536 1 0.0013344784 
10 65536 2 0.0038811299 
10 131072 1 0.0032059815 
10 131072 2 0.0027322512 
10 245760 1 0.0039965827 
10 245760 2 0.0038958142 
10 311296 1 0.0042631397 
10 311296 2 0.0017875664 
10 622592 1 0.0055923274 
10 622592 2 0.0055547163 
10 1024000 1 0.0078940769 
10 1024000 2 0.0101591481 
10 1048576 1 0.0080902845 
10 1048576 2 0.0103096442 
