6 8192 1 0.0002777470 
6 8192 2 0.0000331876 
6 16384 1 0.0000817409 
6 16384 2 0.0000378699 
6 24576 1 0.0001020224 
6 24576 2 0.0001069493 
6 32768 1 0.0001062571 
6 32768 2 0.0001372263 
6 40960 1 0.0001258842 
6 40960 2 0.0001162672 
6 49152 1 0.0001707674 
6 49152 2 0.0001734171 
6 57344 1 0.0002286922 
6 57344 2 0.0001832752 
6 65536 1 0.0002335633 
6 65536 2 0.0002281926 
6 73728 1 0.0002671597 
6 73728 2 0.0002178642 
6 81920 1 0.0002750305 
6 81920 2 0.0002934032 
6 90112 1 0.0002779356 
6 90112 2 0.0003044425 
6 98304 1 0.0003014362 
6 98304 2 0.0002711041 
6 106496 1 0.0003065899 
6 106496 2 0.0003105242 
6 114688 1 0.0003110143 
6 114688 2 0.0002908812 
6 122880 1 0.0003566973 
6 122880 2 0.0003229300 
6 131072 1 0.0003628927 
6 131072 2 0.0003558414 
6 139264 1 0.0004068809 
6 139264 2 0.0003737019 
6 147456 1 0.0003436059 
6 147456 2 0.0003768389 
6 155648 1 0.0003818558 
6 155648 2 0.0004052591 
6 163840 1 0.0004411116 
6 163840 2 0.0004284938 
6 172032 1 0.0003868979 
6 172032 2 0.0004332972 
6 180224 1 0.0004366975 
6 180224 2 0.0004472796 
6 188416 1 0.0004615763 
6 188416 2 0.0004730630 
6 196608 1 0.0004543192 
6 196608 2 0.0004436468 
6 204800 1 0.0004564810 
6 204800 2 0.0004953841 
6 212992 1 0.0004675783 
6 212992 2 0.0005480454 
6 221184 1 0.0005144194 
6 221184 2 0.0004735902 
6 229376 1 0.0004992774 
6 229376 2 0.0004708761 
6 237568 1 0.0005594257 
6 237568 2 0.0005112973 
6 245760 1 0.0005203742 
6 245760 2 0.0005165138 
6 253952 1 0.0005077712 
6 253952 2 0.0005439996 
6 262144 1 0.0005755717 
6 262144 2 0.0005778552 
6 270336 1 0.0005913121 
6 270336 2 0.0006120442 
6 278528 1 0.0005891860 
6 278528 2 0.0005610426 
6 286720 1 0.0006143982 
6 286720 2 0.0005666232 
6 294912 1 0.0005472913 
6 294912 2 0.0005757711 
6 303104 1 0.0006277617 
6 303104 2 0.0006239842 
6 311296 1 0.0006254355 
6 311296 2 0.0006302579 
6 319488 1 0.0006246932 
6 319488 2 0.0006097659 
6 327680 1 0.0006263880 
6 327680 2 0.0006233815 
6 335872 1 0.0006312558 
6 335872 2 0.0006640923 
6 344064 1 0.0006451078 
6 344064 2 0.0006660152 
6 352256 1 0.0006290617 
6 352256 2 0.0006511391 
6 360448 1 0.0007380940 
6 360448 2 0.0006658054 
6 368640 1 0.0006221264 
6 368640 2 0.0006688600 
6 376832 1 0.0007006863 
6 376832 2 0.0006807477 
6 385024 1 0.0006673542 
6 385024 2 0.0007373385 
6 393216 1 0.0007499059 
6 393216 2 0.0007008941 
6 401408 1 0.0007794616 
6 401408 2 0.0006924700 
6 409600 1 0.0008068635 
6 409600 2 0.0007839883 
6 417792 1 0.0008290456 
6 417792 2 0.0008987849 
6 425984 1 0.0007289679 
6 425984 2 0.0008019012 
6 434176 1 0.0008772206 
6 434176 2 0.0009096626 
6 442368 1 0.0008926161 
6 442368 2 0.0009141434 
6 450560 1 0.0009490379 
6 450560 2 0.0009679617 
6 458752 1 0.0008792212 
6 458752 2 0.0008040492 
6 466944 1 0.0008816553 
6 466944 2 0.0009368577 
6 475136 1 0.0009616693 
6 475136 2 0.0010402514 
6 483328 1 0.0010173561 
6 483328 2 0.0009936766 
6 491520 1 0.0010070882 
6 491520 2 0.0010108798 
6 499712 1 0.0011430745 
6 499712 2 0.0010586500 
6 507904 1 0.0012172862 
6 507904 2 0.0011817395 
6 516096 1 0.0011591703 
6 516096 2 0.0012052979 
6 524288 1 0.0011708954 
6 524288 2 0.0011783876 
6 532480 1 0.0011846962 
6 532480 2 0.0011703105 
6 540672 1 0.0012546878 
6 540672 2 0.0012427742 
6 548864 1 0.0012116035 
6 548864 2 0.0012599470 
6 557056 1 0.0012427950 
6 557056 2 0.0012843711 
6 565248 1 0.0012388860 
6 565248 2 0.0012597727 
6 573440 1 0.0012602668 
6 573440 2 0.0013881548 
6 581632 1 0.0013074034 
6 581632 2 0.0012472957 
6 589824 1 0.0013034184 
6 589824 2 0.0012406741 
6 598016 1 0.0013159873 
6 598016 2 0.0012578852 
6 606208 1 0.0013046141 
6 606208 2 0.0012571148 
6 614400 1 0.0012419395 
6 614400 2 0.0013124501 
6 622592 1 0.0013737996 
6 622592 2 0.0012184926 
6 630784 1 0.0013047125 
6 630784 2 0.0014286972 
6 638976 1 0.0013573143 
6 638976 2 0.0013425583 
6 647168 1 0.0013049333 
6 647168 2 0.0012474000 
6 655360 1 0.0014015865 
6 655360 2 0.0014717273 
6 663552 1 0.0013712193 
6 663552 2 0.0014320625 
6 671744 1 0.0013941888 
6 671744 2 0.0013928588 
6 679936 1 0.0013956806 
6 679936 2 0.0015066836 
6 688128 1 0.0014737101 
6 688128 2 0.0015350143 
6 696320 1 0.0015503878 
6 696320 2 0.0014068179 
6 704512 1 0.0013921815 
6 704512 2 0.0015456681 
6 712704 1 0.0014400152 
6 712704 2 0.0014964225 
6 720896 1 0.0014274606 
6 720896 2 0.0014383443 
6 729088 1 0.0015293472 
6 729088 2 0.0015037035 
6 737280 1 0.0014068135 
6 737280 2 0.0014389144 
6 745472 1 0.0013967440 
6 745472 2 0.0014083697 
6 753664 1 0.0015475677 
6 753664 2 0.0016074738 
6 761856 1 0.0015235687 
6 761856 2 0.0014330851 
6 770048 1 0.0014288284 
6 770048 2 0.0016108634 
6 778240 1 0.0014585590 
6 778240 2 0.0014629241 
6 786432 1 0.0015987856 
6 786432 2 0.0014265049 
6 794624 1 0.0014883282 
6 794624 2 0.0014679162 
6 802816 1 0.0015987865 
6 802816 2 0.0015449417 
6 811008 1 0.0015563442 
6 811008 2 0.0016078552 
6 819200 1 0.0014839014 
6 819200 2 0.0016724945 
6 827392 1 0.0016174796 
6 827392 2 0.0016535797 
6 835584 1 0.0016637241 
6 835584 2 0.0014930135 
6 843776 1 0.0015906644 
6 843776 2 0.0015625555 
6 851968 1 0.0015356125 
6 851968 2 0.0016684310 
6 860160 1 0.0015792931 
6 860160 2 0.0018216948 
6 868352 1 0.0016970050 
6 868352 2 0.0016758540 
6 876544 1 0.0016989762 
6 876544 2 0.0017786443 
6 884736 1 0.0017068477 
6 884736 2 0.0017275781 
6 892928 1 0.0015510407 
6 892928 2 0.0015765848 
6 901120 1 0.0016032986 
6 901120 2 0.0016036841 
6 909312 1 0.0016421786 
6 909312 2 0.0015930485 
6 917504 1 0.0017440190 
6 917504 2 0.0017590244 
6 925696 1 0.0017693428 
6 925696 2 0.0016103098 
6 933888 1 0.0017210050 
6 933888 2 0.0016003132 
6 942080 1 0.0017173426 
6 942080 2 0.0019125055 
6 950272 1 0.0016527560 
6 950272 2 0.0018461728 
6 958464 1 0.0017395940 
6 958464 2 0.0019898316 
6 966656 1 0.0018083224 
6 966656 2 0.0016662052 
6 974848 1 0.0018674562 
6 974848 2 0.0019116048 
6 983040 1 0.0017689482 
6 983040 2 0.0018461383 
6 991232 1 0.0018759451 
6 991232 2 0.0017971515 
6 999424 1 0.0018400273 
6 999424 2 0.0021941396 
6 1007616 1 0.0019785724 
6 1007616 2 0.0017705070 
6 1015808 1 0.0019384030 
6 1015808 2 0.0020517714 
6 1024000 1 0.0019622053 
6 1024000 2 0.0021525205 
6 1032192 1 0.0020058232 
6 1032192 2 0.0019724497 
6 1048576 1 0.0021679857 
6 1048576 2 0.0022567417
