6 8192 1 0.0000116549 
6 8192 2 0.0000094105 
6 8192 3 0.0000055814 
6 16384 1 0.0000110831 
6 16384 2 0.0000122847 
6 16384 3 0.0000066703 
6 32768 1 0.0000148782 
6 32768 2 0.0000191393 
6 32768 3 0.0000106213 
6 65536 1 0.0000216893 
6 65536 2 0.0000309546 
6 65536 3 0.0000187538 
6 122880 1 0.0000331701 
6 122880 2 0.0000524898 
6 122880 3 0.0000295979 
6 245760 1 0.0000605166 
6 245760 2 0.0001031561 
6 245760 3 0.0000631803 
6 516096 1 0.0001732838 
6 516096 2 0.0002062906 
6 516096 3 0.0001545427 
6 1024000 1 0.0003492165 
6 1024000 2 0.0005269380 
6 1024000 3 0.0001586016 
6 1048576 1 0.0002941047 
6 1048576 2 0.0005097953 
6 1048576 3 0.0001706255 
