6 8192 1 0.0000116549 
6 8192 2 0.0000094105 
6 8192 3 0.0000055814 
6 16384 1 0.0000110831 
6 16384 2 0.0000122847 
6 16384 3 0.0000066703 
6 24576 1 0.0000129054 
6 24576 2 0.0000146464 
6 24576 3 0.0000082787 
6 32768 1 0.0000148782 
6 32768 2 0.0000191393 
6 32768 3 0.0000106213 
6 40960 1 0.0000163629 
6 40960 2 0.0000214928 
6 40960 3 0.0000134368 
6 49152 1 0.0000182797 
6 49152 2 0.0000240675 
6 49152 3 0.0000131064 
6 57344 1 0.0000195650 
6 57344 2 0.0000269832 
6 57344 3 0.0000175041 
6 65536 1 0.0000216893 
6 65536 2 0.0000309546 
6 65536 3 0.0000187538 
6 73728 1 0.0000230046 
6 73728 2 0.0000326889 
6 73728 3 0.0000212466 
6 81920 1 0.0000250292 
6 81920 2 0.0000531305 
6 81920 3 0.0000233737 
6 90112 1 0.0000264675 
6 90112 2 0.0000391951 
6 90112 3 0.0000248509 
6 98304 1 0.0000279149 
6 98304 2 0.0000434111 
6 98304 3 0.0000264655 
6 106496 1 0.0000292460 
6 106496 2 0.0000453100 
6 106496 3 0.0000292962 
6 114688 1 0.0000315078 
6 114688 2 0.0000506318 
6 114688 3 0.0000305175 
6 122880 1 0.0000331701 
6 122880 2 0.0000524898 
6 122880 3 0.0000295979 
6 131072 1 0.0000356210 
6 131072 2 0.0000572726 
6 131072 3 0.0000353754 
6 139264 1 0.0000364572 
6 139264 2 0.0000584997 
6 139264 3 0.0000369744 
6 147456 1 0.0000383795 
6 147456 2 0.0000643287 
6 147456 3 0.0000388082 
6 155648 1 0.0000402979 
6 155648 2 0.0000653234 
6 155648 3 0.0000407845 
6 163840 1 0.0000428536 
6 163840 2 0.0000702212 
6 163840 3 0.0000420737 
6 172032 1 0.0000439951 
6 172032 2 0.0000722086 
6 172032 3 0.0000433737 
6 180224 1 0.0000457451 
6 180224 2 0.0000769061 
6 180224 3 0.0000472087 
6 188416 1 0.0000469325 
6 188416 2 0.0000798565 
6 188416 3 0.0000489391 
6 196608 1 0.0000495604 
6 196608 2 0.0000840621 
6 196608 3 0.0000514986 
6 204800 1 0.0000506732 
6 204800 2 0.0000866193 
6 204800 3 0.0000531120 
6 212992 1 0.0000528931 
6 212992 2 0.0000904986 
6 212992 3 0.0000473248 
6 221184 1 0.0000543949 
6 221184 2 0.0000923723 
6 221184 3 0.0000511509 
6 229376 1 0.0000569781 
6 229376 2 0.0000967995 
6 229376 3 0.0000592047 
6 237568 1 0.0000582171 
6 237568 2 0.0000974978 
6 237568 3 0.0000516378 
6 245760 1 0.0000605166 
6 245760 2 0.0001031561 
6 245760 3 0.0000631803 
6 253952 1 0.0000608084 
6 253952 2 0.0001043922 
6 253952 3 0.0000622230 
6 262144 1 0.0000642171 
6 262144 2 0.0001104479 
6 262144 3 0.0000650626 
6 270336 1 0.0000651941 
6 270336 2 0.0001110120 
6 270336 3 0.0000607817 
6 278528 1 0.0000677442 
6 278528 2 0.0001150668 
6 278528 3 0.0000727580 
6 286720 1 0.0000682934 
6 286720 2 0.0001169594 
6 286720 3 0.0000644557 
6 294912 1 0.0000716236 
6 294912 2 0.0001244236 
6 294912 3 0.0000652783 
6 303104 1 0.0000725532 
6 303104 2 0.0001232788 
6 303104 3 0.0000782980 
6 311296 1 0.0000754268 
6 311296 2 0.0001291814 
6 311296 3 0.0000702448 
6 319488 1 0.0000764146 
6 319488 2 0.0001303641 
6 319488 3 0.0000580031 
6 327680 1 0.0000784817 
6 327680 2 0.0001369336 
6 327680 3 0.0000630173 
6 335872 1 0.0000799086 
6 335872 2 0.0001369074 
6 335872 3 0.0000694832 
6 344064 1 0.0000824943 
6 344064 2 0.0001436343 
6 344064 3 0.0000736465 
6 352256 1 0.0000838951 
6 352256 2 0.0001448196 
6 352256 3 0.0000718235 
6 360448 1 0.0000869559 
6 360448 2 0.0001500450 
6 360448 3 0.0000654029 
6 368640 1 0.0000883019 
6 368640 2 0.0001493411 
6 368640 3 0.0000732699 
6 376832 1 0.0000915616 
6 376832 2 0.0001566040 
6 376832 3 0.0000856365 
6 385024 1 0.0000917577 
6 385024 2 0.0001558846 
6 385024 3 0.0001404642 
6 393216 1 0.0001435353 
6 393216 2 0.0001613448 
6 393216 3 0.0000898796 
6 401408 1 0.0000947184 
6 401408 2 0.0001611951 
6 401408 3 0.0000705117 
6 409600 1 0.0000975683 
6 409600 2 0.0001686256 
6 409600 3 0.0001384895 
6 417792 1 0.0001538194 
6 417792 2 0.0001678951 
6 417792 3 0.0000880916 
6 425984 1 0.0001034385 
6 425984 2 0.0001745621 
6 425984 3 0.0000964728 
6 434176 1 0.0001034125 
6 434176 2 0.0002171416 
6 434176 3 0.0000958863 
6 442368 1 0.0001057478 
6 442368 2 0.0001819256 
6 442368 3 0.0000996708 
6 450560 1 0.0001529901 
6 450560 2 0.0001798640 
6 450560 3 0.0000851247 
6 458752 1 0.0001104747 
6 458752 2 0.0001875911 
6 458752 3 0.0001534688 
6 466944 1 0.0001655696 
6 466944 2 0.0001879011 
6 466944 3 0.0001032657 
6 475136 1 0.0001130343 
6 475136 2 0.0002382256 
6 475136 3 0.0000838683 
6 483328 1 0.0001153287 
6 483328 2 0.0002321461 
6 483328 3 0.0001051683 
6 491520 1 0.0001171078 
6 491520 2 0.0002030538 
6 491520 3 0.0001545783 
6 499712 1 0.0001742444 
6 499712 2 0.0002005379 
6 499712 3 0.0001640075 
6 507904 1 0.0001713757 
6 507904 2 0.0002087429 
6 507904 3 0.0001532403 
6 516096 1 0.0001732838 
6 516096 2 0.0002062906 
6 516096 3 0.0001545427 
6 524288 1 0.0001707302 
6 524288 2 0.0002156737 
6 524288 3 0.0001591661 
6 532480 1 0.0001789694 
6 532480 2 0.0002161414 
6 532480 3 0.0001204527 
6 540672 1 0.0001850386 
6 540672 2 0.0002275780 
6 540672 3 0.0001660612 
6 548864 1 0.0001843027 
6 548864 2 0.0002227799 
6 548864 3 0.0001638777 
6 557056 1 0.0001843414 
6 557056 2 0.0003036543 
6 557056 3 0.0001270084 
6 565248 1 0.0001325505 
6 565248 2 0.0002844437 
6 565248 3 0.0001113255 
6 573440 1 0.0001763871 
6 573440 2 0.0002377548 
6 573440 3 0.0001740727 
6 581632 1 0.0001955531 
6 581632 2 0.0002402750 
6 581632 3 0.0001526748 
6 589824 1 0.0001945401 
6 589824 2 0.0002875758 
6 589824 3 0.0001526307 
6 598016 1 0.0001845323 
6 598016 2 0.0002411718 
6 598016 3 0.0001783369 
6 606208 1 0.0001941623 
6 606208 2 0.0002876715 
6 606208 3 0.0001060885 
6 614400 1 0.0001848107 
6 614400 2 0.0002498451 
6 614400 3 0.0001824993 
6 622592 1 0.0001971174 
6 622592 2 0.0002990584 
6 622592 3 0.0001676079 
6 630784 1 0.0001966050 
6 630784 2 0.0002555664 
6 630784 3 0.0001498318 
6 638976 1 0.0002112495 
6 638976 2 0.0003155619 
6 638976 3 0.0001832748 
6 647168 1 0.0002167692 
6 647168 2 0.0003050866 
6 647168 3 0.0001780370 
6 655360 1 0.0002077062 
6 655360 2 0.0002729100 
6 655360 3 0.0001152204 
6 663552 1 0.0001555714 
6 663552 2 0.0003236060 
6 663552 3 0.0001565512 
6 671744 1 0.0002135054 
6 671744 2 0.0003288135 
6 671744 3 0.0001923929 
6 679936 1 0.0002159540 
6 679936 2 0.0003335787 
6 679936 3 0.0001943533 
6 688128 1 0.0002141794 
6 688128 2 0.0003349134 
6 688128 3 0.0001879356 
6 696320 1 0.0002199111 
6 696320 2 0.0003303504 
6 696320 3 0.0001904330 
6 704512 1 0.0002177904 
6 704512 2 0.0003388956 
6 704512 3 0.0001963803 
6 712704 1 0.0002269765 
6 712704 2 0.0003416872 
6 712704 3 0.0001989054 
6 720896 1 0.0002200505 
6 720896 2 0.0003509951 
6 720896 3 0.0001588138 
6 729088 1 0.0002295089 
6 729088 2 0.0003455837 
6 729088 3 0.0001354119 
6 737280 1 0.0002676062 
6 737280 2 0.0003346560 
6 737280 3 0.0001868479 
6 745472 1 0.0002266203 
6 745472 2 0.0003454321 
6 745472 3 0.0001959632 
6 753664 1 0.0002298929 
6 753664 2 0.0003632369 
6 753664 3 0.0001546312 
6 761856 1 0.0002381396 
6 761856 2 0.0003581075 
6 761856 3 0.0001495698 
6 770048 1 0.0002342664 
6 770048 2 0.0003628758 
6 770048 3 0.0002057190 
6 778240 1 0.0002453140 
6 778240 2 0.0003875353 
6 778240 3 0.0001338298 
6 786432 1 0.0002452398 
6 786432 2 0.0003780122 
6 786432 3 0.0002093664 
6 794624 1 0.0002568208 
6 794624 2 0.0004041784 
6 794624 3 0.0001468715 
6 802816 1 0.0002456194 
6 802816 2 0.0003819857 
6 802816 3 0.0001743978 
6 811008 1 0.0002834994 
6 811008 2 0.0003754482 
6 811008 3 0.0002050792 
6 819200 1 0.0002453273 
6 819200 2 0.0004006013 
6 819200 3 0.0001443004 
6 827392 1 0.0002442431 
6 827392 2 0.0003879842 
6 827392 3 0.0002600087 
6 835584 1 0.0002900902 
6 835584 2 0.0003849787 
6 835584 3 0.0001815727 
6 843776 1 0.0002577109 
6 843776 2 0.0004192750 
6 843776 3 0.0002154139 
6 851968 1 0.0002528424 
6 851968 2 0.0004243394 
6 851968 3 0.0002129545 
6 860160 1 0.0002589518 
6 860160 2 0.0003955065 
6 860160 3 0.0002205229 
6 868352 1 0.0002572291 
6 868352 2 0.0004017432 
6 868352 3 0.0002190925 
6 876544 1 0.0002594047 
6 876544 2 0.0004253151 
6 876544 3 0.0002237620 
6 884736 1 0.0002586704 
6 884736 2 0.0004313360 
6 884736 3 0.0002191567 
6 892928 1 0.0002666493 
6 892928 2 0.0004396203 
6 892928 3 0.0002173384 
6 901120 1 0.0002618238 
6 901120 2 0.0004479202 
6 901120 3 0.0001761686 
6 909312 1 0.0002810181 
6 909312 2 0.0004401246 
6 909312 3 0.0001724905 
6 917504 1 0.0002637626 
6 917504 2 0.0004490373 
6 917504 3 0.0003119838 
6 925696 1 0.0003239908 
6 925696 2 0.0004464568 
6 925696 3 0.0002243756 
6 933888 1 0.0002655668 
6 933888 2 0.0005000659 
6 933888 3 0.0002808444 
6 942080 1 0.0003230394 
6 942080 2 0.0004617969 
6 942080 3 0.0002146485 
6 950272 1 0.0002737097 
6 950272 2 0.0004684018 
6 950272 3 0.0001834260 
6 958464 1 0.0002814635 
6 958464 2 0.0004760630 
6 958464 3 0.0003275921 
6 966656 1 0.0003319960 
6 966656 2 0.0005107975 
6 966656 3 0.0001755412 
6 974848 1 0.0002822352 
6 974848 2 0.0004781350 
6 974848 3 0.0002346375 
6 983040 1 0.0002814826 
6 983040 2 0.0005301321 
6 983040 3 0.0003273397 
6 991232 1 0.0003416187 
6 991232 2 0.0004783460 
6 991232 3 0.0001899468 
6 999424 1 0.0002800380 
6 999424 2 0.0005060914 
6 999424 3 0.0002417600 
6 1007616 1 0.0002953849 
6 1007616 2 0.0005373624 
6 1007616 3 0.0003325314 
6 1015808 1 0.0003419985 
6 1015808 2 0.0005287534 
6 1015808 3 0.0003292929 
6 1024000 1 0.0003492165 
6 1024000 2 0.0005269380 
6 1024000 3 0.0001586016 
6 1032192 1 0.0002856081 
6 1032192 2 0.0004986093 
6 1032192 3 0.0001685771 
6 1040384 1 0.0002953471 
6 1040384 2 0.0005042708 
6 1040384 3 0.0001736172 
6 1048576 1 0.0002941047 
6 1048576 2 0.0005097953 
6 1048576 3 0.0001706255 
