4 8192 1 0.0000840890 
4 8192 1 0.0000398790 
4 8192 1 0.0000621590 
4 8192 1 0.0000702290 
4 24576 2 0.0001454580 
4 24576 2 0.0001376680 
4 24576 2 0.0000457290 
4 24576 2 0.0001649170 
4 40960 3 0.0002160560 
4 40960 3 0.0002149160 
4 40960 3 0.0000357800 
4 40960 3 0.0002214160 
4 57344 1 0.0002898650 
4 57344 1 0.0002918050 
4 57344 1 0.0002964450 
4 57344 1 0.0000486600 
4 73728 2 0.0000530690 
4 73728 2 0.0003752430 
4 73728 2 0.0003746430 
4 73728 2 0.0003751130 
4 90112 3 0.0000678390 
4 90112 3 0.0004425120 
4 90112 3 0.0004432710 
4 90112 3 0.0004500210 
4 106496 1 0.0005609490 
4 106496 1 0.0005476800 
4 106496 1 0.0005434500 
4 106496 1 0.0000903580 
4 122880 2 0.0006497280 
4 122880 2 0.0006897270 
4 122880 2 0.0006687070 
4 122880 2 0.0001397080 
4 139264 3 0.0005139510 
4 139264 3 0.0005259500 
4 139264 3 0.0005111010 
4 139264 3 0.0000923680 
4 155648 1 0.0005505500 
4 155648 1 0.0005568300 
4 155648 1 0.0000880290 
4 155648 1 0.0005508800 
4 172032 2 0.0005885390 
4 172032 2 0.0000953380 
4 172032 2 0.0006035490 
4 172032 2 0.0006040990 
4 188416 3 0.0006488580 
4 188416 3 0.0006504470 
4 188416 3 0.0006768270 
4 188416 3 0.0001170680 
4 204800 1 0.0001071880 
4 204800 1 0.0007050570 
4 204800 1 0.0006989770 
4 204800 1 0.0007111370 
4 221184 2 0.0007323760 
4 221184 2 0.0007503760 
4 221184 2 0.0007823850 
4 221184 2 0.0001347070 
4 237568 3 0.0001406370 
4 237568 3 0.0008409840 
4 237568 3 0.0008307440 
4 237568 3 0.0008295350 
4 253952 1 0.0008805230 
4 253952 1 0.0008555540 
4 253952 1 0.0008759140 
4 253952 1 0.0001419370 
4 270336 2 0.0001351170 
4 270336 2 0.0009396920 
4 270336 2 0.0009392620 
4 270336 2 0.0009437220 
4 286720 3 0.0009770020 
4 286720 3 0.0009547930 
4 286720 3 0.0001425570 
4 286720 3 0.0009822020 
4 303104 1 0.0001472280 
4 303104 1 0.0010270310 
4 303104 1 0.0010328910 
4 303104 1 0.0010352710 
4 319488 2 0.0010905300 
4 319488 2 0.0010780700 
4 319488 2 0.0001524470 
4 319488 2 0.0010623900 
4 335872 3 0.0011537790 
4 335872 3 0.0001753760 
4 335872 3 0.0011704380 
4 335872 3 0.0011770580 
4 352256 1 0.0012078570 
4 352256 1 0.0001866560 
4 352256 1 0.0012033680 
4 352256 1 0.0012111070 
4 368640 2 0.0012502370 
4 368640 2 0.0001713260 
4 368640 2 0.0012523170 
4 368640 2 0.0012573460 
4 385024 3 0.0013044060 
4 385024 3 0.0001862870 
4 385024 3 0.0013174160 
4 385024 3 0.0013157460 
4 401408 1 0.0013402950 
4 401408 1 0.0013562450 
4 401408 1 0.0001761370 
4 401408 1 0.0013520950 
4 417792 2 0.0002171460 
4 417792 2 0.0014302430 
4 417792 2 0.0014209830 
4 417792 2 0.0014452030 
4 434176 3 0.0014734630 
4 434176 3 0.0015064120 
4 434176 3 0.0002270450 
4 434176 3 0.0014714430 
4 450560 1 0.0014777220 
4 450560 1 0.0015019320 
4 450560 1 0.0015054420 
4 450560 1 0.0002115560 
4 466944 2 0.0015795210 
4 466944 2 0.0002134960 
4 466944 2 0.0015670320 
4 466944 2 0.0015824900 
4 483328 3 0.0002286660 
4 483328 3 0.0016380890 
4 483328 3 0.0016449690 
4 483328 3 0.0016325490 
4 499712 1 0.0018245160 
4 499712 1 0.0003593730 
4 499712 1 0.0018165760 
4 499712 1 0.0018303860 
4 516096 2 0.0017329780 
4 516096 2 0.0017268080 
4 516096 2 0.0017429580 
4 516096 2 0.0002285260 
4 532480 3 0.0017987270 
4 532480 3 0.0017926170 
4 532480 3 0.0002403750 
4 532480 3 0.0018023870 
4 548864 1 0.0002302950 
4 548864 1 0.0018389060 
4 548864 1 0.0018378160 
4 548864 1 0.0018419260 
4 565248 2 0.0019345140 
4 565248 2 0.0002589050 
4 565248 2 0.0019284540 
4 565248 2 0.0019154140 
4 581632 3 0.0019644840 
4 581632 3 0.0019424240 
4 581632 3 0.0019559540 
4 581632 3 0.0002510050 
4 598016 1 0.0002359860 
4 598016 1 0.0019816440 
4 598016 1 0.0019884340 
4 598016 1 0.0019903240 
4 614400 2 0.0004199120 
4 614400 2 0.0022229090 
4 614400 2 0.0022204790 
4 614400 2 0.0022160490 
4 630784 3 0.0020979420 
4 630784 3 0.0021161410 
4 630784 3 0.0002483250 
4 630784 3 0.0021138210 
4 647168 1 0.0021522700 
4 647168 1 0.0021379200 
4 647168 1 0.0002545350 
4 647168 1 0.0021422800 
4 663552 2 0.0023141680 
4 663552 2 0.0023155080 
4 663552 2 0.0003586440 
4 663552 2 0.0023193680 
4 679936 3 0.0022617780 
4 679936 3 0.0022549680 
4 679936 3 0.0002627850 
4 679936 3 0.0022663680 
4 696320 1 0.0002694150 
4 696320 1 0.0023036380 
4 696320 1 0.0023154970 
4 696320 1 0.0023100480 
4 712704 2 0.0004374120 
4 712704 2 0.0025355130 
4 712704 2 0.0025374230 
4 712704 2 0.0025270030 
4 729088 3 0.0022690680 
4 729088 3 0.0022770580 
4 729088 3 0.0022929280 
4 729088 3 0.0003065140 
4 745472 1 0.0024542950 
4 745472 1 0.0002743050 
4 745472 1 0.0024588150 
4 745472 1 0.0024400550 
4 761856 2 0.0025152840 
4 761856 2 0.0025318830 
4 761856 2 0.0003167040 
4 761856 2 0.0025652530 
4 778240 3 0.0024684650 
4 778240 3 0.0025106430 
4 778240 3 0.0002280750 
4 778240 3 0.0025102630 
4 794624 1 0.0025126130 
4 794624 1 0.0025858120 
4 794624 1 0.0002607360 
4 794624 1 0.0025995120 
4 811008 2 0.0023356870 
4 811008 2 0.0023813960 
4 811008 2 0.0023932160 
4 811008 2 0.0002534150 
4 827392 3 0.0026075020 
4 827392 3 0.0026796710 
