4 8192 1 0.0000057740 
4 8192 2 0.0000051693 
4 16384 1 0.0000072124 
4 16384 2 0.0000067558 
4 24576 1 0.0000075345 
4 24576 2 0.0000080180 
4 32768 1 0.0000086839 
4 32768 2 0.0000095647 
4 40960 1 0.0000104901 
4 40960 2 0.0000115837 
4 49152 1 0.0000122321 
4 49152 2 0.0000130656 
4 57344 1 0.0000125653 
4 57344 2 0.0000140210 
4 65536 1 0.0000143334 
4 65536 2 0.0000158642 
4 73728 1 0.0000152973 
4 73728 2 0.0000173875 
4 81920 1 0.0000164470 
4 81920 2 0.0000190303 
4 90112 1 0.0000176746 
4 90112 2 0.0000207579 
4 98304 1 0.0000191278 
4 98304 2 0.0000222379 
4 106496 1 0.0000202566 
4 106496 2 0.0000241386 
4 114688 1 0.0000216112 
4 114688 2 0.0000259564 
4 122880 1 0.0000228123 
4 122880 2 0.0000279035 
4 131072 1 0.0000239153 
4 131072 2 0.0000300826 
4 139264 1 0.0000263005 
4 139264 2 0.0000467857 
4 147456 1 0.0000240132 
4 147456 2 0.0000434703 
4 155648 1 0.0000246043 
4 155648 2 0.0000456828 
4 163840 1 0.0000257828 
4 163840 2 0.0000480113 
4 172032 1 0.0000269896 
4 172032 2 0.0000522345 
4 180224 1 0.0000284851 
4 180224 2 0.0000529844 
4 188416 1 0.0000291026 
4 188416 2 0.0000554037 
4 196608 1 0.0000314668 
4 196608 2 0.0000600117 
4 204800 1 0.0000373660 
4 204800 2 0.0000621822 
4 212992 1 0.0000392605 
4 212992 2 0.0000649792 
4 221184 1 0.0000347473 
4 221184 2 0.0000653195 
4 229376 1 0.0000360083 
4 229376 2 0.0000686996 
4 237568 1 0.0000359599 
4 237568 2 0.0000715129 
4 245760 1 0.0000374424 
4 245760 2 0.0000732712 
4 253952 1 0.0000394208 
4 253952 2 0.0000794842 
4 262144 1 0.0000404494 
4 262144 2 0.0000783088 
4 270336 1 0.0000409409 
4 270336 2 0.0000806625 
4 278528 1 0.0000420107 
4 278528 2 0.0000826675 
4 286720 1 0.0000430595 
4 286720 2 0.0000851094 
4 294912 1 0.0000444197 
4 294912 2 0.0000869110 
4 303104 1 0.0000467667 
4 303104 2 0.0000895281 
4 311296 1 0.0000472673 
4 311296 2 0.0000920517 
4 319488 1 0.0000477837 
4 319488 2 0.0000941688 
4 327680 1 0.0000496544 
4 327680 2 0.0000965987 
4 335872 1 0.0000519016 
4 335872 2 0.0000987820 
4 344064 1 0.0000528121 
4 344064 2 0.0001005276 
4 352256 1 0.0000543774 
4 352256 2 0.0001054589 
4 360448 1 0.0000542745 
4 360448 2 0.0001055397 
4 368640 1 0.0000550695 
4 368640 2 0.0001067145 
4 376832 1 0.0000563263 
4 376832 2 0.0001089461 
4 385024 1 0.0000575356 
4 385024 2 0.0001116602 
4 393216 1 0.0000738399 
4 393216 2 0.0001136041 
4 401408 1 0.0000615733 
4 401408 2 0.0001153532 
4 409600 1 0.0000626941 
4 409600 2 0.0001180695 
4 417792 1 0.0000651763 
4 417792 2 0.0001203497 
4 425984 1 0.0000643393 
4 425984 2 0.0001214209 
4 434176 1 0.0000653786 
4 434176 2 0.0001236631 
4 442368 1 0.0000665266 
4 442368 2 0.0001264236 
4 450560 1 0.0000673127 
4 450560 2 0.0001284170 
4 458752 1 0.0000702161 
4 458752 2 0.0001300502 
4 466944 1 0.0000700192 
4 466944 2 0.0001321217 
4 475136 1 0.0000713641 
4 475136 2 0.0001341801 
4 483328 1 0.0000741060 
4 483328 2 0.0001359731 
4 491520 1 0.0000749514 
4 491520 2 0.0001386511 
4 499712 1 0.0000739394 
4 499712 2 0.0001406956 
4 507904 1 0.0000762166 
4 507904 2 0.0001432379 
4 516096 1 0.0000769873 
4 516096 2 0.0001440089 
4 524288 1 0.0000779560 
4 524288 2 0.0001471331 
4 532480 1 0.0000789193 
4 532480 2 0.0001500484 
4 540672 1 0.0000821786 
4 540672 2 0.0001523607 
4 548864 1 0.0000828257 
4 548864 2 0.0001543848 
4 557056 1 0.0000836684 
4 557056 2 0.0001565212 
4 565248 1 0.0000839941 
4 565248 2 0.0001610818 
4 573440 1 0.0000847304 
4 573440 2 0.0001607824 
4 581632 1 0.0000871072 
4 581632 2 0.0001623760 
4 589824 1 0.0000868799 
4 589824 2 0.0001645517 
4 598016 1 0.0000956198 
4 598016 2 0.0001651037 
4 606208 1 0.0000904582 
4 606208 2 0.0001692697 
4 614400 1 0.0000901164 
4 614400 2 0.0001704669 
4 622592 1 0.0000915603 
4 622592 2 0.0001740199 
4 630784 1 0.0001204441 
4 630784 2 0.0001736572 
4 638976 1 0.0000949131 
4 638976 2 0.0001765062 
4 647168 1 0.0000955901 
4 647168 2 0.0001793934 
4 655360 1 0.0000966431 
4 655360 2 0.0001804164 
4 663552 1 0.0000991347 
4 663552 2 0.0001818478 
4 671744 1 0.0000990351 
4 671744 2 0.0001836944 
4 679936 1 0.0001003672 
4 679936 2 0.0001839657 
4 688128 1 0.0001006681 
4 688128 2 0.0001879156 
4 696320 1 0.0001079330 
4 696320 2 0.0001881796 
4 704512 1 0.0001048242 
4 704512 2 0.0001904969 
4 712704 1 0.0001059289 
4 712704 2 0.0001911040 
4 720896 1 0.0001050008 
4 720896 2 0.0001968658 
4 729088 1 0.0001078228 
4 729088 2 0.0002013542 
4 737280 1 0.0001076564 
4 737280 2 0.0001984190 
4 745472 1 0.0001098617 
4 745472 2 0.0002012661 
4 753664 1 0.0001110574 
4 753664 2 0.0002040439 
4 761856 1 0.0001125234 
4 761856 2 0.0002078886 
4 770048 1 0.0001129265 
4 770048 2 0.0002083464 
4 778240 1 0.0001133432 
4 778240 2 0.0002124792 
4 786432 1 0.0001151416 
4 786432 2 0.0002170861 
4 794624 1 0.0001171613 
4 794624 2 0.0002137848 
4 802816 1 0.0001180211 
4 802816 2 0.0002180823 
4 811008 1 0.0001191126 
4 811008 2 0.0002277110 
4 819200 1 0.0001191897 
4 819200 2 0.0002226305 
4 827392 1 0.0001201698 
4 827392 2 0.0002625190 
4 835584 1 0.0001747909 
4 835584 2 0.0002266989 
4 843776 1 0.0001226583 
4 843776 2 0.0002292544 
4 851968 1 0.0001236113 
4 851968 2 0.0002305332 
4 860160 1 0.0001266760 
4 860160 2 0.0002330107 
4 868352 1 0.0001258294 
4 868352 2 0.0002799276 
4 876544 1 0.0001788626 
4 876544 2 0.0002382197 
4 884736 1 0.0001288320 
4 884736 2 0.0002407451 
4 892928 1 0.0001308707 
4 892928 2 0.0002422823 
4 901120 1 0.0001315604 
4 901120 2 0.0002809943 
4 909312 1 0.0001846534 
4 909312 2 0.0002468910 
4 917504 1 0.0001345057 
4 917504 2 0.0002489919 
4 925696 1 0.0001351059 
4 925696 2 0.0002945562 
4 933888 1 0.0001879458 
4 933888 2 0.0002913508 
4 942080 1 0.0001879896 
4 942080 2 0.0002585952 
4 950272 1 0.0001387185 
4 950272 2 0.0002570536 
4 958464 1 0.0001392298 
4 958464 2 0.0002603950 
4 966656 1 0.0001407048 
4 966656 2 0.0002631704 
4 974848 1 0.0001415350 
4 974848 2 0.0003060263 
4 983040 1 0.0001947406 
4 983040 2 0.0003060937 
4 991232 1 0.0001957509 
4 991232 2 0.0003056974 
4 999424 1 0.0001978571 
4 999424 2 0.0003049578 
4 1007616 1 0.0001983596 
4 1007616 2 0.0002741364 
4 1015808 1 0.0001485294 
4 1015808 2 0.0002754703 
4 1024000 1 0.0001486095 
4 1024000 2 0.0002771952 
4 1032192 1 0.0001504964 
4 1032192 2 0.0002801603 
4 1040384 1 0.0001520431 
4 1040384 2 0.0002798326 
4 1048576 1 0.0001529053 
4 1048576 2 0.0002844371 
