10 8192 1 0.0012500059 
10 8192 2 0.0045550965 
10 8192 3 0.0012207930 
10 16384 1 0.0044379881 
10 16384 2 0.0024239809 
10 16384 3 0.0073713693 
10 32768 1 0.0044389340 
10 32768 2 0.0016689541 
10 32768 3 0.0065317101 
10 65536 1 0.0009843540 
10 65536 2 0.0021684695 
10 65536 3 0.0005393788 
10 122880 1 0.0068413152 
10 122880 2 0.0052103790 
10 122880 3 0.0036552517 
10 245760 1 0.0032000209 
10 245760 2 0.0085164650 
10 245760 3 0.0035535624 
10 483328 1 0.0113200675 
10 483328 2 0.0086431437 
10 483328 3 0.0061906481 
10 1024000 1 0.0124124919 
10 1024000 2 0.0108913593 
10 1024000 3 0.0078037038 
10 1048576 1 0.0092334774 
10 1048576 2 0.0121578449 
10 1048576 3 0.0115936073 
