16 8192 1 0.0014678780 
16 8192 2 0.0015571259 
16 8192 3 0.0014358909 
16 16384 1 0.0024239926 
16 16384 2 0.0024433126 
16 16384 3 0.0024193956 
16 32768 1 0.0045268507 
16 32768 2 0.0019632116 
16 32768 3 0.0044952691 
16 65536 1 0.0024752510 
16 65536 2 0.0035747157 
16 65536 3 0.0012481920 
16 131072 1 0.0027136868 
16 131072 2 0.0042975574 
16 131072 3 0.0017084303 
16 262144 1 0.0037334384 
16 262144 2 0.0078177389 
16 262144 3 0.0070208037 
16 524288 1 0.0087397966 
16 524288 2 0.0166448174 
16 524288 3 0.0080864130 
16 1048576 1 0.0121455632 
16 1048576 2 0.0284120949 
16 1048576 3 0.0137012136 
