10 8192 1 0.0012500059 
10 8192 2 0.0045550965 
10 8192 3 0.0012207930 
10 16384 1 0.0044379881 
10 16384 2 0.0024239809 
10 16384 3 0.0073713693 
10 24576 1 0.0034903691 
10 24576 2 0.0018693798 
10 24576 3 0.0024419954 
10 32768 1 0.0044389340 
10 32768 2 0.0016689541 
10 32768 3 0.0065317101 
10 40960 1 0.0057612696 
10 40960 2 0.0025327040 
10 40960 3 0.0062985195 
10 49152 1 0.0059864731 
10 49152 2 0.0029386050 
10 49152 3 0.0075375625 
10 57344 1 0.0121085956 
10 57344 2 0.0038165110 
10 57344 3 0.0047591884 
10 65536 1 0.0009843540 
10 65536 2 0.0021684695 
10 65536 3 0.0005393788 
10 73728 1 0.0009761254 
10 73728 2 0.0056277019 
10 73728 3 0.0013509353 
10 81920 1 0.0046860882 
10 81920 2 0.0044789161 
10 81920 3 0.0059238560 
10 90112 1 0.0016830528 
10 90112 2 0.0018264208 
10 90112 3 0.0040517019 
10 98304 1 0.0031828417 
10 98304 2 0.0028796297 
10 98304 3 0.0047838580 
10 106496 1 0.0020481199 
10 106496 2 0.0061332163 
10 106496 3 0.0027609973 
10 114688 1 0.0039420828 
10 114688 2 0.0033874487 
10 114688 3 0.0057607003 
10 122880 1 0.0068413152 
10 122880 2 0.0052103790 
10 122880 3 0.0036552517 
10 131072 1 0.0043280392 
10 131072 2 0.0030312593 
10 131072 3 0.0063268849 
10 139264 1 0.0042299034 
10 139264 2 0.0060973141 
10 139264 3 0.0019734741 
10 147456 1 0.0094085314 
10 147456 2 0.0043495042 
10 147456 3 0.0064946808 
10 155648 1 0.0054638325 
10 155648 2 0.0034609011 
10 155648 3 0.0020873957 
10 163840 1 0.0052152755 
10 163840 2 0.0066771436 
10 163840 3 0.0029998741 
10 172032 1 0.0064894161 
10 172032 2 0.0048934673 
10 172032 3 0.0035883216 
10 180224 1 0.0064503690 
10 180224 2 0.0042454147 
10 180224 3 0.0039626707 
10 188416 1 0.0035393204 
10 188416 2 0.0028045474 
10 188416 3 0.0031331686 
10 196608 1 0.0049519377 
10 196608 2 0.0031744300 
10 196608 3 0.0018798419 
10 204800 1 0.0026652220 
10 204800 2 0.0051058058 
10 204800 3 0.0037643156 
10 212992 1 0.0077645259 
10 212992 2 0.0047187219 
10 212992 3 0.0019623486 
10 221184 1 0.0021896644 
10 221184 2 0.0034994812 
10 221184 3 0.0025371166 
10 229376 1 0.0029775392 
10 229376 2 0.0035755131 
10 229376 3 0.0030645695 
10 237568 1 0.0066415064 
10 237568 2 0.0099168812 
10 237568 3 0.0025929492 
10 245760 1 0.0032000209 
10 245760 2 0.0085164650 
10 245760 3 0.0035535624 
10 253952 1 0.0052184181 
10 253952 2 0.0064582978 
10 253952 3 0.0047485063 
10 262144 1 0.0053859957 
10 262144 2 0.0055621077 
10 262144 3 0.0043726085 
10 270336 1 0.0040679720 
10 270336 2 0.0063895441 
10 270336 3 0.0019298274 
10 278528 1 0.0030711334 
10 278528 2 0.0048794973 
10 278528 3 0.0032490801 
10 286720 1 0.0034701287 
10 286720 2 0.0050556651 
10 286720 3 0.0040236755 
10 294912 1 0.0059181935 
10 294912 2 0.0070336847 
10 294912 3 0.0054487321 
10 303104 1 0.0052318120 
10 303104 2 0.0056638739 
10 303104 3 0.0086646271 
10 311296 1 0.0042013024 
10 311296 2 0.0070824389 
10 311296 3 0.0041828669 
10 319488 1 0.0059845664 
10 319488 2 0.0059762354 
10 319488 3 0.0111683218 
10 327680 1 0.0081003465 
10 327680 2 0.0072562822 
10 327680 3 0.0036953830 
10 335872 1 0.0041132376 
10 335872 2 0.0105557680 
10 335872 3 0.0027317860 
10 344064 1 0.0032082087 
10 344064 2 0.0051039818 
10 344064 3 0.0039562721 
10 352256 1 0.0041327554 
10 352256 2 0.0070385687 
10 352256 3 0.0023715709 
10 360448 1 0.0037793740 
10 360448 2 0.0049118710 
10 360448 3 0.0032536619 
10 368640 1 0.0062701249 
10 368640 2 0.0099700141 
10 368640 3 0.0039579443 
10 376832 1 0.0055103469 
10 376832 2 0.0087881221 
10 376832 3 0.0041295904 
10 385024 1 0.0068324698 
10 385024 2 0.0069874157 
10 385024 3 0.0047037200 
10 393216 1 0.0078749038 
10 393216 2 0.0101323926 
10 393216 3 0.0040623839 
10 401408 1 0.0041889498 
10 401408 2 0.0058669641 
10 401408 3 0.0027130587 
10 409600 1 0.0048906767 
10 409600 2 0.0052994342 
10 409600 3 0.0032334997 
10 417792 1 0.0040091856 
10 417792 2 0.0048001572 
10 417792 3 0.0036827655 
10 425984 1 0.0042869141 
10 425984 2 0.0085834230 
10 425984 3 0.0077632446 
10 434176 1 0.0103188857 
10 434176 2 0.0104501660 
10 434176 3 0.0058987928 
10 442368 1 0.0062775633 
10 442368 2 0.0092913392 
10 442368 3 0.0100248636 
10 450560 1 0.0081918902 
10 450560 2 0.0080089814 
10 450560 3 0.0042513578 
10 458752 1 0.0037222667 
10 458752 2 0.0076573519 
10 458752 3 0.0052545863 
10 466944 1 0.0069433034 
10 466944 2 0.0068277197 
10 466944 3 0.0060230345 
10 475136 1 0.0049736035 
10 475136 2 0.0078372404 
10 475136 3 0.0073428075 
10 483328 1 0.0113200675 
10 483328 2 0.0086431437 
10 483328 3 0.0061906481 
10 491520 1 0.0069022294 
10 491520 2 0.0077022920 
10 491520 3 0.0062131006 
10 499712 1 0.0104132263 
10 499712 2 0.0081706732 
10 499712 3 0.0077520944 
10 507904 1 0.0050961514 
10 507904 2 0.0082861830 
10 507904 3 0.0070712494 
10 516096 1 0.0063063376 
10 516096 2 0.0063413145 
10 516096 3 0.0036057404 
10 524288 1 0.0056662444 
10 524288 2 0.0083666906 
10 524288 3 0.0103520826 
10 532480 1 0.0089058071 
10 532480 2 0.0089663136 
10 532480 3 0.0114819586 
10 540672 1 0.0092397918 
10 540672 2 0.0067533201 
10 540672 3 0.0071915785 
10 548864 1 0.0088122507 
10 548864 2 0.0117281724 
10 548864 3 0.0039588455 
10 557056 1 0.0049469102 
10 557056 2 0.0120889407 
10 557056 3 0.0052743189 
10 565248 1 0.0049977200 
10 565248 2 0.0076377505 
10 565248 3 0.0035663474 
10 573440 1 0.0100650511 
10 573440 2 0.0071411815 
10 573440 3 0.0112561308 
10 581632 1 0.0087912813 
10 581632 2 0.0114249381 
10 581632 3 0.0046900846 
10 589824 1 0.0087943855 
10 589824 2 0.0101142757 
10 589824 3 0.0105956281 
10 598016 1 0.0071182219 
10 598016 2 0.0086663141 
10 598016 3 0.0059828274 
10 606208 1 0.0055729811 
10 606208 2 0.0075065856 
10 606208 3 0.0048644383 
10 614400 1 0.0053432577 
10 614400 2 0.0099734910 
10 614400 3 0.0053959296 
10 622592 1 0.0084079291 
10 622592 2 0.0085277684 
10 622592 3 0.0071760577 
10 630784 1 0.0054443728 
10 630784 2 0.0105315072 
10 630784 3 0.0067931596 
10 638976 1 0.0089196226 
10 638976 2 0.0110982031 
10 638976 3 0.0112354420 
10 647168 1 0.0111731359 
10 647168 2 0.0104430143 
10 647168 3 0.0063168720 
10 655360 1 0.0076098462 
10 655360 2 0.0090895545 
10 655360 3 0.0058763444 
10 663552 1 0.0065881238 
10 663552 2 0.0070666282 
10 663552 3 0.0041593990 
10 671744 1 0.0063520023 
10 671744 2 0.0095976799 
10 671744 3 0.0100051631 
10 679936 1 0.0088545873 
10 679936 2 0.0097732001 
10 679936 3 0.0077726715 
10 688128 1 0.0060003626 
10 688128 2 0.0067399165 
10 688128 3 0.0075797631 
10 696320 1 0.0061521857 
10 696320 2 0.0127055024 
10 696320 3 0.0056008068 
10 704512 1 0.0088898857 
10 704512 2 0.0099594139 
10 704512 3 0.0056658473 
10 712704 1 0.0073906229 
10 712704 2 0.0125153413 
10 712704 3 0.0070940598 
10 720896 1 0.0097086417 
10 720896 2 0.0091717706 
10 720896 3 0.0108948137 
10 729088 1 0.0086719495 
10 729088 2 0.0105610893 
10 729088 3 0.0064418090 
10 737280 1 0.0062478967 
10 737280 2 0.0100943707 
10 737280 3 0.0055537121 
10 745472 1 0.0069465076 
10 745472 2 0.0111112370 
10 745472 3 0.0046820172 
10 753664 1 0.0065823156 
10 753664 2 0.0078062324 
10 753664 3 0.0083485704 
10 761856 1 0.0065150455 
10 761856 2 0.0094299915 
10 761856 3 0.0066942033 
10 770048 1 0.0071259233 
10 770048 2 0.0103410447 
10 770048 3 0.0066951904 
10 778240 1 0.0051901001 
10 778240 2 0.0090246811 
10 778240 3 0.0109394033 
10 786432 1 0.0079246249 
10 786432 2 0.0112993779 
10 786432 3 0.0078944363 
10 794624 1 0.0088409805 
10 794624 2 0.0080901393 
10 794624 3 0.0062060706 
10 802816 1 0.0093002337 
10 802816 2 0.0108360145 
10 802816 3 0.0066918005 
10 811008 1 0.0067161261 
10 811008 2 0.0090422193 
10 811008 3 0.0089132899 
10 819200 1 0.0093328786 
10 819200 2 0.0078452951 
10 819200 3 0.0067060109 
10 827392 1 0.0084357237 
10 827392 2 0.0126429869 
10 827392 3 0.0071565679 
10 835584 1 0.0087098645 
10 835584 2 0.0101001254 
10 835584 3 0.0083362739 
10 843776 1 0.0092974514 
10 843776 2 0.0112885055 
10 843776 3 0.0109311229 
10 851968 1 0.0108589468 
10 851968 2 0.0099262271 
10 851968 3 0.0149683434 
10 860160 1 0.0162482367 
10 860160 2 0.0161304561 
10 860160 3 0.0078330166 
10 868352 1 0.0147272286 
10 868352 2 0.0115658088 
10 868352 3 0.0109957916 
10 876544 1 0.0074260193 
10 876544 2 0.0122856624 
10 876544 3 0.0065690684 
10 884736 1 0.0116412352 
10 884736 2 0.0128773373 
10 884736 3 0.0085572399 
10 892928 1 0.0074125116 
10 892928 2 0.0111107392 
10 892928 3 0.0055096474 
10 901120 1 0.0068551947 
10 901120 2 0.0109524500 
10 901120 3 0.0084277840 
10 909312 1 0.0084029614 
10 909312 2 0.0124695266 
10 909312 3 0.0054189702 
10 917504 1 0.0109584471 
10 917504 2 0.0138105054 
10 917504 3 0.0094455627 
10 925696 1 0.0074456650 
10 925696 2 0.0104287997 
10 925696 3 0.0077865096 
10 933888 1 0.0083913912 
10 933888 2 0.0116372349 
10 933888 3 0.0092004643 
10 942080 1 0.0101728870 
10 942080 2 0.0108865376 
10 942080 3 0.0098968544 
10 950272 1 0.0101467424 
10 950272 2 0.0100578786 
10 950272 3 0.0091512974 
10 958464 1 0.0078244770 
10 958464 2 0.0131996007 
10 958464 3 0.0070880793 
10 966656 1 0.0090478133 
10 966656 2 0.0118034170 
10 966656 3 0.0137432414 
10 974848 1 0.0071901537 
10 974848 2 0.0128178147 
10 974848 3 0.0092523359 
10 983040 1 0.0100361360 
10 983040 2 0.0112414322 
10 983040 3 0.0083993707 
10 991232 1 0.0343449766 
10 991232 2 0.0177090499 
10 991232 3 0.0318236612 
10 999424 1 0.0296957759 
10 999424 2 0.0148330431 
10 999424 3 0.0119392344 
10 1007616 1 0.0098523490 
10 1007616 2 0.0125008104 
10 1007616 3 0.0125968368 
10 1015808 1 0.0113365601 
10 1015808 2 0.0131475424 
10 1015808 3 0.0087394997 
10 1024000 1 0.0124124919 
10 1024000 2 0.0108913593 
10 1024000 3 0.0078037038 
10 1032192 1 0.0068239576 
10 1032192 2 0.0113814324 
10 1032192 3 0.0114383065 
10 1040384 1 0.0082966551 
10 1040384 2 0.0130533424 
10 1040384 3 0.0071543289 
10 1048576 1 0.0092334774 
10 1048576 2 0.0121578449 
10 1048576 3 0.0115936073 
