40 8192 1 0.0249958315 
40 8192 2 0.0089822579 
40 8192 3 0.0127176303 
40 16384 1 0.0185632936 
40 16384 2 0.0074752036 
40 16384 3 0.0110632086 
40 32768 1 0.0332609829 
40 32768 2 0.0133988383 
40 32768 3 0.0349215031 
40 65536 1 0.0136939900 
40 65536 2 0.0087451566 
40 65536 3 0.0046639577 
40 131072 1 0.0156675358 
40 131072 2 0.0157688235 
40 131072 3 0.0065321678 
40 262144 1 0.0208072245 
40 262144 2 0.0276905929 
40 262144 3 0.0101969905 
40 524288 1 0.0304863691 
40 524288 2 0.0446098024 
40 524288 3 0.0168009009 
40 1048576 1 0.0457094558 
40 1048576 2 0.0656558492 
40 1048576 3 0.0387825495 
