24 8192 1 0.0023429933 
24 8192 2 0.0019655175 
24 8192 3 0.0019956012 
24 16384 1 0.0034698790 
24 16384 2 0.0017642999 
24 16384 3 0.0039574628 
24 24576 1 0.0054911559 
24 24576 2 0.0024398550 
24 24576 3 0.0053111167 
24 32768 1 0.0067440955 
24 32768 2 0.0025743948 
24 32768 3 0.0084752239 
24 40960 1 0.0188226275 
24 40960 2 0.0055644662 
24 40960 3 0.0178312942 
24 49152 1 0.0135400501 
24 49152 2 0.0066715958 
24 49152 3 0.0099884887 
24 57344 1 0.0181179069 
24 57344 2 0.0094158254 
24 57344 3 0.0214128355 
24 65536 1 0.0032910506 
24 65536 2 0.0024775275 
24 65536 3 0.0012251541 
24 73728 1 0.0037157546 
24 73728 2 0.0035819014 
24 73728 3 0.0018878019 
24 81920 1 0.0034560862 
24 81920 2 0.0035864717 
24 81920 3 0.0019045587 
24 90112 1 0.0051516811 
24 90112 2 0.0074338985 
24 90112 3 0.0046256463 
24 98304 1 0.0114963851 
24 98304 2 0.0096861403 
24 98304 3 0.0080410522 
24 106496 1 0.0073380001 
24 106496 2 0.0044526943 
24 106496 3 0.0035130457 
24 114688 1 0.0054415379 
24 114688 2 0.0071357305 
24 114688 3 0.0041625372 
24 122880 1 0.0061551584 
24 122880 2 0.0073472421 
24 122880 3 0.0040409519 
24 131072 1 0.0059145398 
24 131072 2 0.0083069243 
24 131072 3 0.0064308253 
24 139264 1 0.0073522973 
24 139264 2 0.0049513897 
24 139264 3 0.0051680476 
24 147456 1 0.0037945339 
24 147456 2 0.0072927847 
24 147456 3 0.0068163105 
24 155648 1 0.0073503238 
24 155648 2 0.0079314100 
24 155648 3 0.0082469404 
24 163840 1 0.0087260611 
24 163840 2 0.0073246779 
24 163840 3 0.0052002011 
24 172032 1 0.0103229427 
24 172032 2 0.0099386211 
24 172032 3 0.0057922738 
24 180224 1 0.0121149160 
24 180224 2 0.0069400340 
24 180224 3 0.0039537787 
24 188416 1 0.0047996733 
24 188416 2 0.0056043270 
24 188416 3 0.0029974744 
24 196608 1 0.0052088960 
24 196608 2 0.0053706804 
24 196608 3 0.0039170847 
24 204800 1 0.0088519440 
24 204800 2 0.0087843524 
24 204800 3 0.0047674592 
24 212992 1 0.0084841238 
24 212992 2 0.0083024685 
24 212992 3 0.0041278332 
24 221184 1 0.0073130169 
24 221184 2 0.0123066181 
24 221184 3 0.0042840550 
24 229376 1 0.0165805681 
24 229376 2 0.0181157765 
24 229376 3 0.0077677895 
24 237568 1 0.0086182687 
24 237568 2 0.0106085491 
24 237568 3 0.0032933058 
24 245760 1 0.0048087703 
24 245760 2 0.0066347789 
24 245760 3 0.0036725722 
24 253952 1 0.0069122545 
24 253952 2 0.0092248598 
24 253952 3 0.0073652468 
24 262144 1 0.0145471463 
24 262144 2 0.0112574950 
24 262144 3 0.0059533904 
24 270336 1 0.0090776183 
24 270336 2 0.0125999139 
24 270336 3 0.0084251408 
24 278528 1 0.0079482925 
24 278528 2 0.0139146546 
24 278528 3 0.0051587429 
24 286720 1 0.0077306548 
24 286720 2 0.0086271219 
24 286720 3 0.0050148760 
24 294912 1 0.0057598156 
24 294912 2 0.0104279720 
24 294912 3 0.0059305527 
24 303104 1 0.0105558666 
24 303104 2 0.0133623533 
24 303104 3 0.0145777219 
24 311296 1 0.0126669629 
24 311296 2 0.0164725843 
24 311296 3 0.0051488307 
24 319488 1 0.0072902365 
24 319488 2 0.0084868471 
24 319488 3 0.0052893030 
24 327680 1 0.0072300647 
24 327680 2 0.0126597235 
24 327680 3 0.0085345494 
24 335872 1 0.0123251781 
24 335872 2 0.0104991823 
24 335872 3 0.0067610472 
24 344064 1 0.0072495198 
24 344064 2 0.0143399160 
24 344064 3 0.0094051155 
24 352256 1 0.0135803779 
24 352256 2 0.0202997695 
24 352256 3 0.0074715717 
24 360448 1 0.0070978808 
24 360448 2 0.0103249535 
24 360448 3 0.0046468315 
24 368640 1 0.0070255904 
24 368640 2 0.0124864210 
24 368640 3 0.0171493961 
24 376832 1 0.0171760870 
24 376832 2 0.0212422715 
24 376832 3 0.0068558902 
24 385024 1 0.0112558149 
24 385024 2 0.0121291641 
24 385024 3 0.0049837397 
24 393216 1 0.0068805762 
24 393216 2 0.0112147093 
24 393216 3 0.0051925392 
24 401408 1 0.0068598459 
24 401408 2 0.0162804474 
24 401408 3 0.0080900019 
24 409600 1 0.0116362390 
24 409600 2 0.0167938704 
24 409600 3 0.0059166639 
24 417792 1 0.0108477943 
24 417792 2 0.0211314217 
24 417792 3 0.0080427653 
24 425984 1 0.0102672410 
24 425984 2 0.0135598554 
24 425984 3 0.0067735895 
24 434176 1 0.0066452667 
24 434176 2 0.0150470863 
24 434176 3 0.0102893689 
24 442368 1 0.0087997152 
24 442368 2 0.0231615104 
24 442368 3 0.0152747677 
24 450560 1 0.0157116740 
24 450560 2 0.0173692255 
24 450560 3 0.0087848370 
24 458752 1 0.0098235620 
24 458752 2 0.0162157430 
24 458752 3 0.0166106251 
24 466944 1 0.0186320719 
24 466944 2 0.0210093252 
24 466944 3 0.0129710586 
24 475136 1 0.0103826958 
24 475136 2 0.0131859648 
24 475136 3 0.0077837700 
24 483328 1 0.0088776276 
24 483328 2 0.0171494984 
24 483328 3 0.0089925290 
24 491520 1 0.0121888988 
24 491520 2 0.0156806987 
24 491520 3 0.0103217716 
24 499712 1 0.0128942763 
24 499712 2 0.0225384124 
24 499712 3 0.0167894631 
24 507904 1 0.0182933616 
24 507904 2 0.0212714549 
24 507904 3 0.0080418531 
24 516096 1 0.0082301130 
24 516096 2 0.0172582396 
24 516096 3 0.0122415105 
24 524288 1 0.0139346151 
24 524288 2 0.0171304772 
24 524288 3 0.0133749542 
24 532480 1 0.0158614367 
24 532480 2 0.0241854187 
24 532480 3 0.0115865047 
24 540672 1 0.0104933639 
24 540672 2 0.0159387057 
24 540672 3 0.0092768552 
24 548864 1 0.0093453908 
24 548864 2 0.0205140581 
24 548864 3 0.0103757104 
24 557056 1 0.0136102095 
24 557056 2 0.0235455524 
24 557056 3 0.0087989297 
24 565248 1 0.0126705786 
24 565248 2 0.0209170662 
24 565248 3 0.0114635763 
24 573440 1 0.0145105603 
24 573440 2 0.0169472921 
24 573440 3 0.0115288240 
24 581632 1 0.0121269746 
24 581632 2 0.0190795296 
24 581632 3 0.0136323222 
24 589824 1 0.0182751416 
24 589824 2 0.0291238135 
24 589824 3 0.0125840892 
24 598016 1 0.0127373164 
24 598016 2 0.0197966221 
24 598016 3 0.0121694413 
24 606208 1 0.0145373476 
24 606208 2 0.0199986324 
24 606208 3 0.0152089016 
24 614400 1 0.0098139106 
24 614400 2 0.0208651354 
24 614400 3 0.0127693306 
24 622592 1 0.0195485713 
24 622592 2 0.0210844524 
24 622592 3 0.0149729314 
24 630784 1 0.0173928331 
24 630784 2 0.0246975881 
24 630784 3 0.0099977507 
24 638976 1 0.0101187481 
24 638976 2 0.0196328035 
24 638976 3 0.0141172716 
24 647168 1 0.0095987366 
24 647168 2 0.0297145561 
24 647168 3 0.0178509893 
24 655360 1 0.0114862682 
24 655360 2 0.0248472625 
24 655360 3 0.0103625044 
24 663552 1 0.0113574949 
24 663552 2 0.0221944907 
24 663552 3 0.0192608915 
24 671744 1 0.0156574207 
24 671744 2 0.0303219652 
24 671744 3 0.0155999127 
24 679936 1 0.0196284812 
24 679936 2 0.0240256575 
24 679936 3 0.0090247063 
24 688128 1 0.0109281179 
24 688128 2 0.0181395474 
24 688128 3 0.0145135700 
24 696320 1 0.0271033245 
24 696320 2 0.0283353667 
24 696320 3 0.0129039989 
24 704512 1 0.0174583558 
24 704512 2 0.0243676568 
24 704512 3 0.0149468158 
24 712704 1 0.0189086073 
24 712704 2 0.0305298786 
24 712704 3 0.0099227121 
24 720896 1 0.0098995805 
24 720896 2 0.0220069974 
24 720896 3 0.0110057756 
24 729088 1 0.0130718323 
24 729088 2 0.0200564198 
24 729088 3 0.0131422776 
24 737280 1 0.0144458811 
24 737280 2 0.0229651737 
24 737280 3 0.0130833843 
24 745472 1 0.0182292897 
24 745472 2 0.0401188929 
24 745472 3 0.0145909494 
24 753664 1 0.0118321817 
24 753664 2 0.0204868892 
24 753664 3 0.0102524406 
24 761856 1 0.0106328950 
24 761856 2 0.0264567382 
24 761856 3 0.0156891610 
24 770048 1 0.0146397471 
24 770048 2 0.0238128632 
24 770048 3 0.0168563586 
24 778240 1 0.0116892138 
24 778240 2 0.0284130317 
24 778240 3 0.0147655684 
24 786432 1 0.0180958123 
24 786432 2 0.0266375902 
24 786432 3 0.0114739643 
24 794624 1 0.0134251821 
24 794624 2 0.0245558143 
24 794624 3 0.0181934343 
24 802816 1 0.0215978861 
24 802816 2 0.0334550884 
24 802816 3 0.0151446989 
24 811008 1 0.0136021356 
24 811008 2 0.0275172021 
24 811008 3 0.0197310024 
24 819200 1 0.0208156657 
24 819200 2 0.0225651164 
24 819200 3 0.0173355903 
24 827392 1 0.0129784862 
24 827392 2 0.0220523339 
24 827392 3 0.0158544036 
24 835584 1 0.0210833419 
24 835584 2 0.0363497021 
24 835584 3 0.0161709695 
24 843776 1 0.0119593222 
24 843776 2 0.0305780580 
24 843776 3 0.0179831915 
24 851968 1 0.0213474948 
24 851968 2 0.0263799501 
24 851968 3 0.0208113328 
24 860160 1 0.0135231452 
24 860160 2 0.0344714954 
24 860160 3 0.0211308120 
24 868352 1 0.0169081750 
24 868352 2 0.0254857234 
24 868352 3 0.0155999626 
24 876544 1 0.0147716520 
24 876544 2 0.0272077215 
24 876544 3 0.0179290747 
24 884736 1 0.0187350525 
24 884736 2 0.0306449074 
24 884736 3 0.0151039755 
24 892928 1 0.0193142784 
24 892928 2 0.0338017202 
24 892928 3 0.0168306153 
24 901120 1 0.0172217581 
24 901120 2 0.0272750400 
24 901120 3 0.0174658877 
24 909312 1 0.0159523456 
24 909312 2 0.0342326064 
24 909312 3 0.0226870333 
24 917504 1 0.0180616474 
24 917504 2 0.0327116247 
24 917504 3 0.0206826553 
24 925696 1 0.0166269406 
24 925696 2 0.0321335994 
24 925696 3 0.0180692721 
24 933888 1 0.0172509429 
24 933888 2 0.0330113777 
24 933888 3 0.0243341710 
24 942080 1 0.0153731202 
24 942080 2 0.0294069281 
24 942080 3 0.0227391222 
24 950272 1 0.0180106237 
24 950272 2 0.0356413128 
24 950272 3 0.0129526198 
24 958464 1 0.0129648847 
24 958464 2 0.0295161321 
24 958464 3 0.0201422884 
24 966656 1 0.0152499195 
24 966656 2 0.0394227932 
24 966656 3 0.0242752398 
24 974848 1 0.0221252483 
24 974848 2 0.0323490668 
24 974848 3 0.0199433560 
24 983040 1 0.0172731058 
24 983040 2 0.0321810898 
24 983040 3 0.0203432666 
24 991232 1 0.0252215590 
24 991232 2 0.0378743318 
24 991232 3 0.0139506196 
24 999424 1 0.0171532171 
24 999424 2 0.0357395635 
24 999424 3 0.0209760532 
24 1007616 1 0.0167664764 
24 1007616 2 0.0280591045 
24 1007616 3 0.0188482114 
24 1015808 1 0.0157909011 
24 1015808 2 0.0273439582 
24 1015808 3 0.0230146430 
24 1024000 1 0.0230131739 
24 1024000 2 0.0277744903 
24 1024000 3 0.0106972634 
24 1032192 1 0.0111560264 
24 1032192 2 0.0258554019 
24 1032192 3 0.0108082897 
24 1040384 1 0.0119299997 
24 1040384 2 0.0316506245 
24 1040384 3 0.0172836225 
24 1048576 1 0.0243498522 
24 1048576 2 0.0344108337 
24 1048576 3 0.0118724031 
