20 8192 1 0.0030582790 
20 8192 2 0.0042619222 
20 8192 3 0.0060682064 
20 16384 1 0.0066354702 
20 16384 2 0.0021419082 
20 16384 3 0.0050120002 
20 32768 1 0.0189608984 
20 32768 2 0.0031391181 
20 32768 3 0.0133611522 
20 65536 1 0.0040088954 
20 65536 2 0.0028047434 
20 65536 3 0.0050677744 
20 131072 1 0.0133123106 
20 131072 2 0.0061986236 
20 131072 3 0.0041517384 
20 262144 1 0.0144704928 
20 262144 2 0.0113506483 
20 262144 3 0.0105881928 
20 524288 1 0.0214092637 
20 524288 2 0.0183566772 
20 524288 3 0.0241297834 
20 1048576 1 0.0182418644 
20 1048576 2 0.0319783834 
20 1048576 3 0.0186717422 
