40 8192 1 0.0249958315 
40 8192 2 0.0089822579 
40 8192 3 0.0127176303 
40 16384 1 0.0185632936 
40 16384 2 0.0074752036 
40 16384 3 0.0110632086 
40 24576 1 0.0174557945 
40 24576 2 0.0141652501 
40 24576 3 0.0195606204 
40 32768 1 0.0332609829 
40 32768 2 0.0133988383 
40 32768 3 0.0349215031 
40 40960 1 0.0319586100 
40 40960 2 0.0126234794 
40 40960 3 0.0281161257 
40 49152 1 0.0355646739 
40 49152 2 0.0087979923 
40 49152 3 0.0345922884 
40 57344 1 0.0415295253 
40 57344 2 0.0142785355 
40 57344 3 0.0553410486 
40 65536 1 0.0136939900 
40 65536 2 0.0087451566 
40 65536 3 0.0046639577 
40 73728 1 0.0092797464 
40 73728 2 0.0084168495 
40 73728 3 0.0046594843 
40 81920 1 0.0115598313 
40 81920 2 0.0142495564 
40 81920 3 0.0053128783 
40 90112 1 0.0148287359 
40 90112 2 0.0130021338 
40 90112 3 0.0040004080 
40 98304 1 0.0140248116 
40 98304 2 0.0169167205 
40 98304 3 0.0047688163 
40 106496 1 0.0157291796 
40 106496 2 0.0134020659 
40 106496 3 0.0051685359 
40 114688 1 0.0147037191 
40 114688 2 0.0140560844 
40 114688 3 0.0061249468 
40 122880 1 0.0215060917 
40 122880 2 0.0135167468 
40 122880 3 0.0040069225 
40 131072 1 0.0156675358 
40 131072 2 0.0157688235 
40 131072 3 0.0065321678 
40 139264 1 0.0216383478 
40 139264 2 0.0178519318 
40 139264 3 0.0094535456 
40 147456 1 0.0161132680 
40 147456 2 0.0139164251 
40 147456 3 0.0079185362 
40 155648 1 0.0278274215 
40 155648 2 0.0210767447 
40 155648 3 0.0101092958 
40 163840 1 0.0146510682 
40 163840 2 0.0213545330 
40 163840 3 0.0064535386 
40 172032 1 0.0204252488 
40 172032 2 0.0202560338 
40 172032 3 0.0088093654 
40 180224 1 0.0164801672 
40 180224 2 0.0207435337 
40 180224 3 0.0057558476 
40 188416 1 0.0159060958 
40 188416 2 0.0176559908 
40 188416 3 0.0079351178 
40 196608 1 0.0153050975 
40 196608 2 0.0215015226 
40 196608 3 0.0100703840 
40 204800 1 0.0206732973 
40 204800 2 0.0229497278 
40 204800 3 0.0083479681 
40 212992 1 0.0138337159 
40 212992 2 0.0230787516 
40 212992 3 0.0089441538 
40 221184 1 0.0242634847 
40 221184 2 0.0272188494 
40 221184 3 0.0093406354 
40 229376 1 0.0187732679 
40 229376 2 0.0247888283 
40 229376 3 0.0088073671 
40 237568 1 0.0232714664 
40 237568 2 0.0253072031 
40 237568 3 0.0116348928 
40 245760 1 0.0144453564 
40 245760 2 0.0206122753 
40 245760 3 0.0112360229 
40 253952 1 0.0295593001 
40 253952 2 0.0258340260 
40 253952 3 0.0143512745 
40 262144 1 0.0208072245 
40 262144 2 0.0276905929 
40 262144 3 0.0101969905 
40 270336 1 0.0167664980 
40 270336 2 0.0301769185 
40 270336 3 0.0128238739 
40 278528 1 0.0163004934 
40 278528 2 0.0328325171 
40 278528 3 0.0201773749 
40 286720 1 0.0154321504 
40 286720 2 0.0293109101 
40 286720 3 0.0124275352 
40 294912 1 0.0162833972 
40 294912 2 0.0322104864 
40 294912 3 0.0162407809 
40 303104 1 0.0174013721 
40 303104 2 0.0288800983 
40 303104 3 0.0152505008 
40 311296 1 0.0201830187 
40 311296 2 0.0276994440 
40 311296 3 0.0119590227 
40 319488 1 0.0202998678 
40 319488 2 0.0247689245 
40 319488 3 0.0116460481 
40 327680 1 0.0226834687 
40 327680 2 0.0321607058 
40 327680 3 0.0112001624 
40 335872 1 0.0209016909 
40 335872 2 0.0293735746 
40 335872 3 0.0119382551 
40 344064 1 0.0236934369 
40 344064 2 0.0265527830 
40 344064 3 0.0132605474 
40 352256 1 0.0249644187 
40 352256 2 0.0369078929 
40 352256 3 0.0149430102 
40 360448 1 0.0169229941 
40 360448 2 0.0299886812 
40 360448 3 0.0116609735 
40 368640 1 0.0244461089 
40 368640 2 0.0318852486 
40 368640 3 0.0097547758 
40 376832 1 0.0260046101 
40 376832 2 0.0396947058 
40 376832 3 0.0180070500 
40 385024 1 0.0176372958 
40 385024 2 0.0292247303 
40 385024 3 0.0165581002 
40 393216 1 0.0187753944 
40 393216 2 0.0257612666 
40 393216 3 0.0170420603 
40 401408 1 0.0266124392 
40 401408 2 0.0333077031 
40 401408 3 0.0139038673 
40 409600 1 0.0229665644 
40 409600 2 0.0272573279 
40 409600 3 0.0130246254 
40 417792 1 0.0270458891 
40 417792 2 0.0309423356 
40 417792 3 0.0164516433 
40 425984 1 0.0215959323 
40 425984 2 0.0339911025 
40 425984 3 0.0165224731 
40 434176 1 0.0235152654 
40 434176 2 0.0339431380 
40 434176 3 0.0207926000 
40 442368 1 0.0261139672 
40 442368 2 0.0279258210 
40 442368 3 0.0144056323 
40 450560 1 0.0278301443 
40 450560 2 0.0420478919 
40 450560 3 0.0168537999 
40 458752 1 0.0272172171 
40 458752 2 0.0346967690 
40 458752 3 0.0125431519 
40 466944 1 0.0270470495 
40 466944 2 0.0299271371 
40 466944 3 0.0110279171 
40 475136 1 0.0292171130 
40 475136 2 0.0399943556 
40 475136 3 0.0197208442 
40 483328 1 0.0251739957 
40 483328 2 0.0333405470 
40 483328 3 0.0126105638 
40 491520 1 0.0262355178 
40 491520 2 0.0384368477 
40 491520 3 0.0150275507 
40 499712 1 0.0276325537 
40 499712 2 0.0379095157 
40 499712 3 0.0174368773 
40 507904 1 0.0235658061 
40 507904 2 0.0369763010 
40 507904 3 0.0184210720 
40 516096 1 0.0326960064 
40 516096 2 0.0340956973 
40 516096 3 0.0205031410 
40 524288 1 0.0304863691 
40 524288 2 0.0446098024 
40 524288 3 0.0168009009 
40 532480 1 0.0283829531 
40 532480 2 0.0395730812 
40 532480 3 0.0173259000 
40 540672 1 0.0315008515 
40 540672 2 0.0418544496 
40 540672 3 0.0195970548 
40 548864 1 0.0296554717 
40 548864 2 0.0356823151 
40 548864 3 0.0178806267 
40 557056 1 0.0207276627 
40 557056 2 0.0422287181 
40 557056 3 0.0251917319 
40 565248 1 0.0352183629 
40 565248 2 0.0428363241 
40 565248 3 0.0177658449 
40 573440 1 0.0289545174 
40 573440 2 0.0386429221 
40 573440 3 0.0240637878 
40 581632 1 0.0265013574 
40 581632 2 0.0507199653 
40 581632 3 0.0271013793 
40 589824 1 0.0331931636 
40 589824 2 0.0549973758 
40 589824 3 0.0214996433 
40 598016 1 0.0258017539 
40 598016 2 0.0385874861 
40 598016 3 0.0269043434 
40 606208 1 0.0254933983 
40 606208 2 0.0595510079 
40 606208 3 0.0282293547 
40 614400 1 0.0263044479 
40 614400 2 0.0419171372 
40 614400 3 0.0231718338 
40 622592 1 0.0240720400 
40 622592 2 0.0476940155 
40 622592 3 0.0207240026 
40 630784 1 0.0287524181 
40 630784 2 0.0427680628 
40 630784 3 0.0231442445 
40 638976 1 0.0314602487 
40 638976 2 0.0458015643 
40 638976 3 0.0213640324 
40 647168 1 0.0366942978 
40 647168 2 0.0478103551 
40 647168 3 0.0145187347 
40 655360 1 0.0272402944 
40 655360 2 0.0522123079 
40 655360 3 0.0247660750 
40 663552 1 0.0335034984 
40 663552 2 0.0510706004 
40 663552 3 0.0261808891 
40 671744 1 0.0334495520 
40 671744 2 0.0463155927 
40 671744 3 0.0174592270 
40 679936 1 0.0288430052 
40 679936 2 0.0468996497 
40 679936 3 0.0262829775 
40 688128 1 0.0285153295 
40 688128 2 0.0416806410 
40 688128 3 0.0253148642 
40 696320 1 0.0365707915 
40 696320 2 0.0479057403 
40 696320 3 0.0228546070 
40 704512 1 0.0322542630 
40 704512 2 0.0587886132 
40 704512 3 0.0244280761 
40 712704 1 0.0316269197 
40 712704 2 0.0611911271 
40 712704 3 0.0332406549 
40 720896 1 0.0275062197 
40 720896 2 0.0481244126 
40 720896 3 0.0252745091 
40 729088 1 0.0400342690 
40 729088 2 0.0571605144 
40 729088 3 0.0277068586 
40 737280 1 0.0300748889 
40 737280 2 0.0495655574 
40 737280 3 0.0378415835 
40 745472 1 0.0311588291 
40 745472 2 0.0629096589 
40 745472 3 0.0249755437 
40 753664 1 0.0263675436 
40 753664 2 0.0501871303 
40 753664 3 0.0225811530 
40 761856 1 0.0330889166 
40 761856 2 0.0578286743 
40 761856 3 0.0245196908 
40 770048 1 0.0287334115 
40 770048 2 0.0509998130 
40 770048 3 0.0229075973 
40 778240 1 0.0439322661 
40 778240 2 0.0512496503 
40 778240 3 0.0210588240 
40 786432 1 0.0288003699 
40 786432 2 0.0548469117 
40 786432 3 0.0279330670 
40 794624 1 0.0323243655 
40 794624 2 0.0576914006 
40 794624 3 0.0236055708 
40 802816 1 0.0361685837 
40 802816 2 0.0570179730 
40 802816 3 0.0288678717 
40 811008 1 0.0394271143 
40 811008 2 0.0544769179 
40 811008 3 0.0247468362 
40 819200 1 0.0328158428 
40 819200 2 0.0608287475 
40 819200 3 0.0288970861 
40 827392 1 0.0398295549 
40 827392 2 0.0626233346 
40 827392 3 0.0287499763 
40 835584 1 0.0371788237 
40 835584 2 0.0527955130 
40 835584 3 0.0262640723 
40 843776 1 0.0405048114 
40 843776 2 0.0542139146 
40 843776 3 0.0317914812 
40 851968 1 0.0399875097 
40 851968 2 0.0664963826 
40 851968 3 0.0296131481 
40 860160 1 0.0385847292 
40 860160 2 0.0762997019 
40 860160 3 0.0235688889 
40 868352 1 0.0333206089 
40 868352 2 0.0766321327 
40 868352 3 0.0307630044 
40 876544 1 0.0335350104 
40 876544 2 0.0776628056 
40 876544 3 0.0244203206 
40 884736 1 0.0387813317 
40 884736 2 0.0784577675 
40 884736 3 0.0250014482 
40 892928 1 0.0389121605 
40 892928 2 0.0692866634 
40 892928 3 0.0280715361 
40 901120 1 0.0331676012 
40 901120 2 0.0746099032 
40 901120 3 0.0331173464 
40 909312 1 0.0351321012 
40 909312 2 0.0733636072 
40 909312 3 0.0408772113 
40 917504 1 0.0361377131 
40 917504 2 0.0773490610 
40 917504 3 0.0268832323 
40 925696 1 0.0392772899 
40 925696 2 0.0681266331 
40 925696 3 0.0381651225 
40 933888 1 0.0333844264 
40 933888 2 0.0741527975 
40 933888 3 0.0340719755 
40 942080 1 0.0382828978 
40 942080 2 0.0847867847 
40 942080 3 0.0349389174 
40 950272 1 0.0383317237 
40 950272 2 0.0783465407 
40 950272 3 0.0351251256 
40 958464 1 0.0336438228 
40 958464 2 0.0809761845 
40 958464 3 0.0357212467 
40 966656 1 0.0350192976 
40 966656 2 0.0827946767 
40 966656 3 0.0323853805 
40 974848 1 0.0368377010 
40 974848 2 0.0720411160 
40 974848 3 0.0438168303 
40 983040 1 0.0350966372 
40 983040 2 0.0733387553 
40 983040 3 0.0270843920 
40 991232 1 0.0444597740 
40 991232 2 0.0712409623 
40 991232 3 0.0374137939 
40 999424 1 0.0410132718 
40 999424 2 0.0731348974 
40 999424 3 0.0350508419 
40 1007616 1 0.0515556560 
40 1007616 2 0.0908039757 
40 1007616 3 0.0416769056 
40 1015808 1 0.0393211015 
40 1015808 2 0.0800179632 
40 1015808 3 0.0337514674 
40 1024000 1 0.0438482678 
40 1024000 2 0.0675084099 
40 1024000 3 0.0453236336 
40 1032192 1 0.0364590064 
40 1032192 2 0.0769055618 
40 1032192 3 0.0413234494 
40 1040384 1 0.0467837728 
40 1040384 2 0.0722752833 
40 1040384 3 0.0435098843 
40 1048576 1 0.0457094558 
40 1048576 2 0.0656558492 
40 1048576 3 0.0387825495 
