30 8192 1 0.0061057743 
30 8192 2 0.0026454850 
30 8192 3 0.0026925219 
30 16384 1 0.0049145112 
30 16384 2 0.0025065898 
30 16384 3 0.0049344900 
30 32768 1 0.0154044346 
30 32768 2 0.0043235844 
30 32768 3 0.0142050794 
30 65536 1 0.0046583568 
30 65536 2 0.0034709289 
30 65536 3 0.0030160801 
30 131072 1 0.0057170632 
30 131072 2 0.0077476846 
30 131072 3 0.0036360222 
30 262144 1 0.0171630989 
30 262144 2 0.0165320442 
30 262144 3 0.0134569877 
30 524288 1 0.0121650605 
30 524288 2 0.0323853188 
30 524288 3 0.0140203276 
30 1048576 1 0.0214383161 
30 1048576 2 0.0469644137 
30 1048576 3 0.0229591699 
