20 8192 1 0.0030582790 
20 8192 2 0.0042619222 
20 8192 3 0.0060682064 
20 16384 1 0.0066354702 
20 16384 2 0.0021419082 
20 16384 3 0.0050120002 
20 24576 1 0.0083217863 
20 24576 2 0.0158097647 
20 24576 3 0.0114840401 
20 32768 1 0.0189608984 
20 32768 2 0.0031391181 
20 32768 3 0.0133611522 
20 40960 1 0.0254882280 
20 40960 2 0.0051271065 
20 40960 3 0.0231847269 
20 49152 1 0.0126074949 
20 49152 2 0.0070459637 
20 49152 3 0.0101162855 
20 57344 1 0.0206136688 
20 57344 2 0.0066024455 
20 57344 3 0.0126753588 
20 65536 1 0.0040088954 
20 65536 2 0.0028047434 
20 65536 3 0.0050677744 
20 73728 1 0.0074261375 
20 73728 2 0.0072543818 
20 73728 3 0.0022309039 
20 81920 1 0.0129124588 
20 81920 2 0.0074007110 
20 81920 3 0.0043871588 
20 90112 1 0.0043135799 
20 90112 2 0.0067996706 
20 90112 3 0.0020921676 
20 98304 1 0.0054427071 
20 98304 2 0.0048324330 
20 98304 3 0.0032828455 
20 106496 1 0.0110251315 
20 106496 2 0.0076923009 
20 106496 3 0.0034165402 
20 114688 1 0.0041279419 
20 114688 2 0.0048900874 
20 114688 3 0.0027812527 
20 122880 1 0.0061816041 
20 122880 2 0.0062425139 
20 122880 3 0.0079196305 
20 131072 1 0.0133123106 
20 131072 2 0.0061986236 
20 131072 3 0.0041517384 
20 139264 1 0.0077668582 
20 139264 2 0.0056659939 
20 139264 3 0.0066215598 
20 147456 1 0.0092575395 
20 147456 2 0.0057542623 
20 147456 3 0.0072086878 
20 155648 1 0.0053052031 
20 155648 2 0.0070175548 
20 155648 3 0.0027715783 
20 163840 1 0.0109661386 
20 163840 2 0.0060036875 
20 163840 3 0.0055005550 
20 172032 1 0.0147527864 
20 172032 2 0.0065867745 
20 172032 3 0.0024575829 
20 180224 1 0.0060502069 
20 180224 2 0.0085096642 
20 180224 3 0.0036169924 
20 188416 1 0.0157752309 
20 188416 2 0.0085050928 
20 188416 3 0.0057680952 
20 196608 1 0.0085424812 
20 196608 2 0.0105628321 
20 196608 3 0.0045402802 
20 204800 1 0.0066911571 
20 204800 2 0.0076918778 
20 204800 3 0.0032415557 
20 212992 1 0.0112101332 
20 212992 2 0.0074684522 
20 212992 3 0.0043331401 
20 221184 1 0.0111457326 
20 221184 2 0.0114147687 
20 221184 3 0.0064953367 
20 229376 1 0.0124140044 
20 229376 2 0.0089590396 
20 229376 3 0.0088074589 
20 237568 1 0.0073318243 
20 237568 2 0.0100145371 
20 237568 3 0.0049525811 
20 245760 1 0.0090119153 
20 245760 2 0.0130604145 
20 245760 3 0.0055654822 
20 253952 1 0.0080858179 
20 253952 2 0.0079794780 
20 253952 3 0.0048145814 
20 262144 1 0.0144704928 
20 262144 2 0.0113506483 
20 262144 3 0.0105881928 
20 270336 1 0.0141495539 
20 270336 2 0.0112318317 
20 270336 3 0.0107443790 
20 278528 1 0.0153727783 
20 278528 2 0.0085019388 
20 278528 3 0.0097479752 
20 286720 1 0.0109507090 
20 286720 2 0.0100968337 
20 286720 3 0.0083248964 
20 294912 1 0.0126190906 
20 294912 2 0.0121366928 
20 294912 3 0.0111046891 
20 303104 1 0.0129386507 
20 303104 2 0.0095676104 
20 303104 3 0.0108699454 
20 311296 1 0.0160030611 
20 311296 2 0.0107866098 
20 311296 3 0.0123925403 
20 319488 1 0.0082645715 
20 319488 2 0.0101359583 
20 319488 3 0.0079494736 
20 327680 1 0.0210959211 
20 327680 2 0.0150302994 
20 327680 3 0.0100246866 
20 335872 1 0.0144863550 
20 335872 2 0.0135528778 
20 335872 3 0.0109468960 
20 344064 1 0.0156823499 
20 344064 2 0.0155360870 
20 344064 3 0.0052562753 
20 352256 1 0.0096620681 
20 352256 2 0.0159817624 
20 352256 3 0.0175271544 
20 360448 1 0.0156149789 
20 360448 2 0.0148798424 
20 360448 3 0.0087789745 
20 368640 1 0.0132772173 
20 368640 2 0.0170751714 
20 368640 3 0.0053281202 
20 376832 1 0.0106225108 
20 376832 2 0.0127333405 
20 376832 3 0.0104333824 
20 385024 1 0.0098947395 
20 385024 2 0.0129688252 
20 385024 3 0.0144990542 
20 393216 1 0.0189292552 
20 393216 2 0.0244815766 
20 393216 3 0.0080119519 
20 401408 1 0.0105675909 
20 401408 2 0.0095202538 
20 401408 3 0.0106723161 
20 409600 1 0.0114931702 
20 409600 2 0.0125369718 
20 409600 3 0.0120709992 
20 417792 1 0.0163048594 
20 417792 2 0.0147893948 
20 417792 3 0.0245616394 
20 425984 1 0.0208089468 
20 425984 2 0.0143084961 
20 425984 3 0.0105717715 
20 434176 1 0.0096821959 
20 434176 2 0.0146444937 
20 434176 3 0.0215511162 
20 442368 1 0.0186062693 
20 442368 2 0.0140137759 
20 442368 3 0.0157735713 
20 450560 1 0.0125660549 
20 450560 2 0.0125083794 
20 450560 3 0.0062315095 
20 458752 1 0.0161072531 
20 458752 2 0.0100112574 
20 458752 3 0.0119583057 
20 466944 1 0.0143293559 
20 466944 2 0.0145445916 
20 466944 3 0.0095583966 
20 475136 1 0.0145258545 
20 475136 2 0.0115342782 
20 475136 3 0.0144194578 
20 483328 1 0.0108766416 
20 483328 2 0.0141022878 
20 483328 3 0.0139707453 
20 491520 1 0.0149937293 
20 491520 2 0.0130968669 
20 491520 3 0.0138371668 
20 499712 1 0.0102660541 
20 499712 2 0.0152421352 
20 499712 3 0.0091819661 
20 507904 1 0.0236356989 
20 507904 2 0.0153447692 
20 507904 3 0.0135952052 
20 516096 1 0.0138410448 
20 516096 2 0.0128906131 
20 516096 3 0.0140686304 
20 524288 1 0.0214092637 
20 524288 2 0.0183566772 
20 524288 3 0.0241297834 
20 532480 1 0.0204710627 
20 532480 2 0.0170814029 
20 532480 3 0.0123299062 
20 540672 1 0.0119575382 
20 540672 2 0.0135526612 
20 540672 3 0.0092966708 
20 548864 1 0.0194998645 
20 548864 2 0.0161213122 
20 548864 3 0.0119544953 
20 557056 1 0.0127750313 
20 557056 2 0.0135440179 
20 557056 3 0.0095466747 
20 565248 1 0.0125073071 
20 565248 2 0.0138469074 
20 565248 3 0.0148417033 
20 573440 1 0.0141337397 
20 573440 2 0.0115765977 
20 573440 3 0.0081582551 
20 581632 1 0.0094147302 
20 581632 2 0.0180840707 
20 581632 3 0.0144980086 
20 589824 1 0.0150422144 
20 589824 2 0.0167972356 
20 589824 3 0.0250206497 
20 598016 1 0.0226455161 
20 598016 2 0.0221355249 
20 598016 3 0.0178614997 
20 606208 1 0.0153393815 
20 606208 2 0.0191658079 
20 606208 3 0.0074391145 
20 614400 1 0.0132479212 
20 614400 2 0.0405918621 
20 614400 3 0.0437521215 
20 622592 1 0.0392117579 
20 622592 2 0.0131452345 
20 622592 3 0.0196187809 
20 630784 1 0.0221507686 
20 630784 2 0.0299086805 
20 630784 3 0.0130484919 
20 638976 1 0.0159468894 
20 638976 2 0.0205124174 
20 638976 3 0.0204232935 
20 647168 1 0.0186221191 
20 647168 2 0.0233057682 
20 647168 3 0.0181483139 
20 655360 1 0.0199335018 
20 655360 2 0.0198527977 
20 655360 3 0.0133289180 
20 663552 1 0.0201333606 
20 663552 2 0.0210437559 
20 663552 3 0.0112824597 
20 671744 1 0.0150552576 
20 671744 2 0.0202404559 
20 671744 3 0.0100265384 
20 679936 1 0.0097416845 
20 679936 2 0.0162529945 
20 679936 3 0.0118074750 
20 688128 1 0.0165709853 
20 688128 2 0.0172006650 
20 688128 3 0.0116747653 
20 696320 1 0.0112238955 
20 696320 2 0.0171939061 
20 696320 3 0.0169675944 
20 704512 1 0.0159275839 
20 704512 2 0.0228540778 
20 704512 3 0.0262927306 
20 712704 1 0.0199890032 
20 712704 2 0.0191660535 
20 712704 3 0.0074491050 
20 720896 1 0.0149458147 
20 720896 2 0.0206340956 
20 720896 3 0.0146559235 
20 729088 1 0.0095420103 
20 729088 2 0.0263888362 
20 729088 3 0.0129249220 
20 737280 1 0.0111790801 
20 737280 2 0.0242239681 
20 737280 3 0.0257818905 
20 745472 1 0.0176626394 
20 745472 2 0.0252182826 
20 745472 3 0.0177676321 
20 753664 1 0.0124295850 
20 753664 2 0.0164442208 
20 753664 3 0.0166818485 
20 761856 1 0.0168843531 
20 761856 2 0.0216685909 
20 761856 3 0.0127692951 
20 770048 1 0.0121374511 
20 770048 2 0.0340865758 
20 770048 3 0.0281408610 
20 778240 1 0.0225558312 
20 778240 2 0.0235329686 
20 778240 3 0.0077811892 
20 786432 1 0.0149974400 
20 786432 2 0.0185404089 
20 786432 3 0.0101954387 
20 794624 1 0.0107927402 
20 794624 2 0.0239518045 
20 794624 3 0.0073360569 
20 802816 1 0.0096033847 
20 802816 2 0.0389673284 
20 802816 3 0.0201832473 
20 811008 1 0.0215019775 
20 811008 2 0.0236764364 
20 811008 3 0.0099130934 
20 819200 1 0.0150969139 
20 819200 2 0.0165227986 
20 819200 3 0.0105745367 
20 827392 1 0.0134565271 
20 827392 2 0.0308171458 
20 827392 3 0.0079895130 
20 835584 1 0.0136474063 
20 835584 2 0.0216703827 
20 835584 3 0.0114622930 
20 843776 1 0.0207141043 
20 843776 2 0.0213440205 
20 843776 3 0.0077692933 
20 851968 1 0.0134452500 
20 851968 2 0.0201815031 
20 851968 3 0.0124373237 
20 860160 1 0.0162946791 
20 860160 2 0.0196684815 
20 860160 3 0.0115523703 
20 868352 1 0.0142644138 
20 868352 2 0.0248685250 
20 868352 3 0.0172797071 
20 876544 1 0.0288794374 
20 876544 2 0.0312422394 
20 876544 3 0.0087314640 
20 884736 1 0.0091097215 
20 884736 2 0.0308356808 
20 884736 3 0.0150872939 
20 892928 1 0.0152986932 
20 892928 2 0.0228573439 
20 892928 3 0.0117087697 
20 901120 1 0.0202358351 
20 901120 2 0.0255530942 
20 901120 3 0.0119421198 
20 909312 1 0.0171894472 
20 909312 2 0.0312061482 
20 909312 3 0.0108997275 
20 917504 1 0.0088737320 
20 917504 2 0.0240044928 
20 917504 3 0.0196775158 
20 925696 1 0.0163469019 
20 925696 2 0.0203948588 
20 925696 3 0.0083712054 
20 933888 1 0.0138608452 
20 933888 2 0.0361604327 
20 933888 3 0.0220470343 
20 942080 1 0.0145983291 
20 942080 2 0.0261673741 
20 942080 3 0.0156376553 
20 950272 1 0.0096779431 
20 950272 2 0.0258884383 
20 950272 3 0.0094102714 
20 958464 1 0.0095689570 
20 958464 2 0.0240665695 
20 958464 3 0.0207448021 
20 966656 1 0.0241805842 
20 966656 2 0.0316223347 
20 966656 3 0.0158550043 
20 974848 1 0.0170801740 
20 974848 2 0.0237147696 
20 974848 3 0.0120399439 
20 983040 1 0.0093854106 
20 983040 2 0.0236227684 
20 983040 3 0.0148492230 
20 991232 1 0.0248417644 
20 991232 2 0.0413654744 
20 991232 3 0.0227563887 
20 999424 1 0.0123340112 
20 999424 2 0.0264864631 
20 999424 3 0.0100141323 
20 1007616 1 0.0100704694 
20 1007616 2 0.0338626367 
20 1007616 3 0.0150257474 
20 1015808 1 0.0186127872 
20 1015808 2 0.0307964279 
20 1015808 3 0.0201837770 
20 1024000 1 0.0126740642 
20 1024000 2 0.0267445890 
20 1024000 3 0.0170222504 
20 1032192 1 0.0153662106 
20 1032192 2 0.0249387277 
20 1032192 3 0.0139241810 
20 1040384 1 0.0248657280 
20 1040384 2 0.0237176711 
20 1040384 3 0.0092694738 
20 1048576 1 0.0182418644 
20 1048576 2 0.0319783834 
20 1048576 3 0.0186717422 
