sonic7.compute
12 8192 1 0.0015236087 
12 8192 2 0.0031617426 
12 8192 3 0.0022013660 
12 16384 1 0.0036283936 
12 16384 2 0.0017782429 
12 16384 3 0.0018412959 
12 24576 1 0.0029891752 
12 24576 2 0.0039517493 
12 24576 3 0.0047714120 
12 32768 1 0.0032016709 
12 32768 2 0.0017401956 
12 32768 3 0.0062150785 
12 40960 1 0.0079887372 
12 40960 2 0.0037380921 
12 40960 3 0.0100579149 
12 49152 1 0.0092085298 
12 49152 2 0.0021106400 
12 49152 3 0.0046866137 
12 57344 1 0.0065238688 
12 57344 2 0.0021533924 
12 57344 3 0.0063612464 
12 65536 1 0.0015163021 
12 65536 2 0.0024108339 
12 65536 3 0.0024920676 
12 73728 1 0.0032115989 
12 73728 2 0.0029724654 
12 73728 3 0.0023607709 
12 81920 1 0.0027441030 
12 81920 2 0.0028612054 
12 81920 3 0.0019272760 
12 90112 1 0.0026363500 
12 90112 2 0.0048220251 
12 90112 3 0.0018876132 
12 98304 1 0.0024754328 
12 98304 2 0.0041939400 
12 98304 3 0.0031849780 
12 106496 1 0.0032888441 
12 106496 2 0.0047719216 
12 106496 3 0.0022919460 
12 114688 1 0.0057113889 
12 114688 2 0.0027867346 
12 114688 3 0.0031792210 
12 122880 1 0.0032381802 
12 122880 2 0.0081026259 
12 122880 3 0.0025180945 
12 131072 1 0.0023570183 
12 131072 2 0.0038077870 
12 131072 3 0.0016561475 
12 139264 1 0.0026042570 
12 139264 2 0.0031157735 
12 139264 3 0.0019376434 
12 147456 1 0.0020894032 
12 147456 2 0.0030850447 
12 147456 3 0.0025438216 
12 155648 1 0.0023083250 
12 155648 2 0.0035791956 
12 155648 3 0.0033556144 
12 163840 1 0.0023312826 
12 163840 2 0.0043675458 
12 163840 3 0.0020850800 
12 172032 1 0.0032058344 
12 172032 2 0.0048863845 
12 172032 3 0.0030287905 
12 180224 1 0.0069876177 
12 180224 2 0.0042090579 
12 180224 3 0.0028122539 
12 188416 1 0.0027792255 
12 188416 2 0.0051398732 
12 188416 3 0.0023292680 
12 196608 1 0.0031870414 
12 196608 2 0.0054537655 
12 196608 3 0.0035929483 
12 204800 1 0.0082213296 
12 204800 2 0.0066704745 
12 204800 3 0.0035802989 
12 212992 1 0.0074946126 
12 212992 2 0.0077507896 
12 212992 3 0.0050860653 
12 221184 1 0.0042404305 
12 221184 2 0.0070989439 
12 221184 3 0.0049372816 
12 229376 1 0.0043667857 
12 229376 2 0.0053748937 
12 229376 3 0.0025121468 
12 237568 1 0.0032128647 
12 237568 2 0.0044790719 
12 237568 3 0.0025524550 
12 245760 1 0.0037143993 
12 245760 2 0.0044977225 
12 245760 3 0.0024135032 
12 253952 1 0.0047830149 
12 253952 2 0.0046833197 
12 253952 3 0.0049874140 
12 262144 1 0.0031266430 
12 262144 2 0.0065779877 
12 262144 3 0.0028952481 
12 270336 1 0.0035070177 
12 270336 2 0.0063851453 
12 270336 3 0.0027175311 
12 278528 1 0.0043422083 
12 278528 2 0.0055665233 
12 278528 3 0.0062724000 
12 286720 1 0.0039253634 
12 286720 2 0.0076523451 
12 286720 3 0.0033860964 
12 294912 1 0.0078253588 
12 294912 2 0.0059418469 
12 294912 3 0.0056385976 
12 303104 1 0.0080537313 
12 303104 2 0.0087274019 
12 303104 3 0.0045585087 
12 311296 1 0.0024060103 
12 311296 2 0.0039814857 
12 311296 3 0.0021798668 
12 319488 1 0.0022952802 
12 319488 2 0.0039382868 
12 319488 3 0.0020728518 
12 327680 1 0.0024658491 
12 327680 2 0.0039534828 
12 327680 3 0.0020782889 
12 335872 1 0.0023150575 
12 335872 2 0.0043860802 
12 335872 3 0.0024217525 
12 344064 1 0.0023730585 
12 344064 2 0.0042691254 
12 344064 3 0.0026913023 
12 352256 1 0.0032789561 
12 352256 2 0.0054319393 
12 352256 3 0.0044995754 
12 360448 1 0.0047611667 
12 360448 2 0.0051834300 
12 360448 3 0.0041051235 
12 368640 1 0.0040848253 
12 368640 2 0.0054209692 
12 368640 3 0.0050316215 
12 376832 1 0.0069924059 
12 376832 2 0.0071344016 
12 376832 3 0.0053182990 
12 385024 1 0.0074085038 
12 385024 2 0.0053943725 
12 385024 3 0.0071499915 
12 393216 1 0.0038092871 
12 393216 2 0.0046098001 
12 393216 3 0.0026990279 
12 401408 1 0.0028491481 
12 401408 2 0.0047288341 
12 401408 3 0.0029910098 
12 409600 1 0.0031459472 
12 409600 2 0.0051774581 
12 409600 3 0.0030717893 
12 417792 1 0.0028278338 
12 417792 2 0.0049404077 
12 417792 3 0.0027059632 
12 425984 1 0.0027914401 
12 425984 2 0.0048960039 
12 425984 3 0.0027395818 
12 434176 1 0.0039767564 
12 434176 2 0.0092057037 
12 434176 3 0.0040615437 
12 442368 1 0.0045599379 
12 442368 2 0.0057252472 
12 442368 3 0.0043080098 
12 450560 1 0.0052355672 
12 450560 2 0.0075161760 
12 450560 3 0.0041348418 
12 458752 1 0.0046474475 
12 458752 2 0.0074317516 
12 458752 3 0.0049483850 
12 466944 1 0.0055350453 
12 466944 2 0.0088415458 
12 466944 3 0.0045058852 
12 475136 1 0.0037151227 
12 475136 2 0.0098608307 
12 475136 3 0.0040514083 
12 483328 1 0.0059081282 
12 483328 2 0.0085045597 
12 483328 3 0.0045240819 
12 491520 1 0.0057149183 
12 491520 2 0.0076354723 
12 491520 3 0.0032384249 
12 499712 1 0.0035077310 
12 499712 2 0.0066381234 
12 499712 3 0.0035308037 
12 507904 1 0.0033595596 
12 507904 2 0.0058979800 
12 507904 3 0.0032414706 
12 516096 1 0.0040505292 
12 516096 2 0.0095435209 
12 516096 3 0.0056450277 
12 524288 1 0.0038249844 
12 524288 2 0.0076589608 
12 524288 3 0.0042220777 
12 532480 1 0.0060663712 
12 532480 2 0.0107267429 
12 532480 3 0.0039459262 
12 540672 1 0.0040566192 
12 540672 2 0.0086584742 
12 540672 3 0.0070354388 
12 548864 1 0.0038565162 
12 548864 2 0.0099135122 
12 548864 3 0.0063696329 
12 557056 1 0.0061290866 
12 557056 2 0.0112825577 
12 557056 3 0.0071875735 
12 565248 1 0.0053293720 
12 565248 2 0.0140802911 
12 565248 3 0.0049964568 
12 573440 1 0.0046660848 
12 573440 2 0.0065906051 
12 573440 3 0.0034193458 
12 581632 1 0.0037006214 
12 581632 2 0.0067692335 
12 581632 3 0.0034219484 
12 589824 1 0.0047760742 
12 589824 2 0.0076382512 
12 589824 3 0.0034853921 
12 598016 1 0.0047944211 
12 598016 2 0.0114850076 
12 598016 3 0.0044617381 
12 606208 1 0.0053239713 
12 606208 2 0.0080805444 
12 606208 3 0.0092644514 
12 614400 1 0.0052068989 
12 614400 2 0.0119211860 
12 614400 3 0.0072491042 
12 622592 1 0.0079889372 
12 622592 2 0.0074944933 
12 622592 3 0.0077436029 
12 630784 1 0.0045195632 
12 630784 2 0.0127719504 
12 630784 3 0.0091793252 
12 638976 1 0.0104557541 
12 638976 2 0.0111525090 
12 638976 3 0.0048639870 
12 647168 1 0.0077063209 
12 647168 2 0.0072112864 
12 647168 3 0.0035937247 
12 655360 1 0.0039348873 
12 655360 2 0.0070804496 
12 655360 3 0.0037726472 
12 663552 1 0.0039100199 
12 663552 2 0.0081969858 
12 663552 3 0.0041404392 
12 671744 1 0.0043774688 
12 671744 2 0.0112167426 
12 671744 3 0.0061250956 
12 679936 1 0.0058982468 
12 679936 2 0.0150259259 
12 679936 3 0.0081288716 
12 688128 1 0.0050076204 
12 688128 2 0.0091665414 
12 688128 3 0.0061418075 
12 696320 1 0.0053694634 
12 696320 2 0.0107620114 
12 696320 3 0.0070982723 
12 704512 1 0.0067673451 
12 704512 2 0.0125042941 
12 704512 3 0.0081860319 
12 712704 1 0.0136826888 
12 712704 2 0.0094455180 
12 712704 3 0.0038480431 
12 720896 1 0.0041817920 
12 720896 2 0.0075965113 
12 720896 3 0.0041399724 
12 729088 1 0.0040421978 
12 729088 2 0.0076104767 
12 729088 3 0.0040129936 
12 737280 1 0.0044078816 
12 737280 2 0.0076229795 
12 737280 3 0.0041747486 
12 745472 1 0.0044137180 
12 745472 2 0.0104252355 
12 745472 3 0.0092059054 
12 753664 1 0.0062712261 
12 753664 2 0.0132404256 
12 753664 3 0.0091751333 
12 761856 1 0.0049744672 
12 761856 2 0.0111236226 
12 761856 3 0.0077229136 
12 770048 1 0.0056721242 
12 770048 2 0.0085460358 
12 770048 3 0.0057625389 
12 778240 1 0.0076599552 
12 778240 2 0.0101346227 
12 778240 3 0.0073857991 
12 786432 1 0.0064115510 
12 786432 2 0.0101729354 
12 786432 3 0.0075422723 
12 794624 1 0.0077411937 
12 794624 2 0.0124964570 
12 794624 3 0.0044054037 
12 802816 1 0.0049701239 
12 802816 2 0.0095105946 
12 802816 3 0.0058995779 
12 811008 1 0.0051903931 
12 811008 2 0.0098320092 
12 811008 3 0.0071697835 
12 819200 1 0.0055104036 
12 819200 2 0.0110841756 
12 819200 3 0.0066226565 
12 827392 1 0.0078745328 
12 827392 2 0.0114115224 
12 827392 3 0.0071948468 
12 835584 1 0.0072036932 
12 835584 2 0.0091176751 
12 835584 3 0.0089204834 
12 843776 1 0.0068244348 
12 843776 2 0.0095614435 
12 843776 3 0.0089372393 
12 851968 1 0.0119008641 
12 851968 2 0.0170582078 
12 851968 3 0.0091437358 
12 860160 1 0.0087888021 
12 860160 2 0.0140798084 
12 860160 3 0.0045008317 
12 868352 1 0.0048794769 
12 868352 2 0.0091761413 
12 868352 3 0.0048036889 
12 876544 1 0.0049101228 
12 876544 2 0.0097468432 
12 876544 3 0.0049351362 
12 884736 1 0.0057076319 
12 884736 2 0.0125148769 
12 884736 3 0.0078814390 
12 892928 1 0.0080284314 
12 892928 2 0.0125295288 
12 892928 3 0.0118260219 
12 901120 1 0.0063520750 
12 901120 2 0.0126280024 
12 901120 3 0.0093613998 
12 909312 1 0.0075629529 
12 909312 2 0.0145074678 
12 909312 3 0.0101936837 
12 917504 1 0.0077244836 
12 917504 2 0.0106539657 
12 917504 3 0.0064042702 
12 925696 1 0.0050599928 
12 925696 2 0.0095513977 
12 925696 3 0.0049074938 
12 933888 1 0.0051211216 
12 933888 2 0.0147228328 
12 933888 3 0.0107696917 
12 942080 1 0.0097564206 
12 942080 2 0.0098951595 
12 942080 3 0.0066348047 
12 950272 1 0.0078465090 
12 950272 2 0.0112612541 
12 950272 3 0.0087724298 
12 958464 1 0.0077059024 
12 958464 2 0.0122763046 
12 958464 3 0.0061072103 
12 966656 1 0.0058389449 
12 966656 2 0.0100869724 
12 966656 3 0.0086574911 
12 974848 1 0.0121509752 
12 974848 2 0.0169893663 
12 974848 3 0.0070164505 
12 983040 1 0.0087386235 
12 983040 2 0.0137108545 
12 983040 3 0.0061292440 
12 991232 1 0.0060963738 
12 991232 2 0.0106743872 
12 991232 3 0.0055259919 
12 999424 1 0.0059510069 
12 999424 2 0.0117533177 
12 999424 3 0.0102036016 
12 1007616 1 0.0080789134 
12 1007616 2 0.0126648041 
12 1007616 3 0.0084448253 
12 1015808 1 0.0096983234 
12 1015808 2 0.0161618949 
12 1015808 3 0.0100203017 
12 1024000 1 0.0129894595 
12 1024000 2 0.0180053103 
12 1024000 3 0.0061120679 
12 1032192 1 0.0057294715 
12 1032192 2 0.0102780366 
12 1032192 3 0.0055017284 
12 1040384 1 0.0056904598 
12 1040384 2 0.0104762682 
12 1040384 3 0.0054632944 
12 1048576 1 0.0058239034 
12 1048576 2 0.0102942627 
12 1048576 3 0.0056882626 
