16 8192 1 0.0014678780 
16 8192 2 0.0015571259 
16 8192 3 0.0014358909 
16 16384 1 0.0024239926 
16 16384 2 0.0024433126 
16 16384 3 0.0024193956 
16 24576 1 0.0034613481 
16 24576 2 0.0023493100 
16 24576 3 0.0034172689 
16 32768 1 0.0045268507 
16 32768 2 0.0019632116 
16 32768 3 0.0044952691 
16 40960 1 0.0056089752 
16 40960 2 0.0023235167 
16 40960 3 0.0056217831 
16 49152 1 0.0067211450 
16 49152 2 0.0031049270 
16 49152 3 0.0067712816 
16 57344 1 0.0084465447 
16 57344 2 0.0026203115 
16 57344 3 0.0078571686 
16 65536 1 0.0024752510 
16 65536 2 0.0035747157 
16 65536 3 0.0012481920 
16 73728 1 0.0029842693 
16 73728 2 0.0040278946 
16 73728 3 0.0022306134 
16 81920 1 0.0032816743 
16 81920 2 0.0071365384 
16 81920 3 0.0037008321 
16 90112 1 0.0082361975 
16 90112 2 0.0052990641 
16 90112 3 0.0031411682 
16 98304 1 0.0054214056 
16 98304 2 0.0059898464 
16 98304 3 0.0032792835 
16 106496 1 0.0033909548 
16 106496 2 0.0065727534 
16 106496 3 0.0040329528 
16 114688 1 0.0034790398 
16 114688 2 0.0039213660 
16 114688 3 0.0022532172 
16 122880 1 0.0024108346 
16 122880 2 0.0042006537 
16 122880 3 0.0015823848 
16 131072 1 0.0027136868 
16 131072 2 0.0042975574 
16 131072 3 0.0017084303 
16 139264 1 0.0028045135 
16 139264 2 0.0055864505 
16 139264 3 0.0018899737 
16 147456 1 0.0038810445 
16 147456 2 0.0073335299 
16 147456 3 0.0057668407 
16 155648 1 0.0057661163 
16 155648 2 0.0067250611 
16 155648 3 0.0020738459 
16 163840 1 0.0047437426 
16 163840 2 0.0119547913 
16 163840 3 0.0037301056 
16 172032 1 0.0083202217 
16 172032 2 0.0092915120 
16 172032 3 0.0045157024 
16 180224 1 0.0062051780 
16 180224 2 0.0095506058 
16 180224 3 0.0023401368 
16 188416 1 0.0052011272 
16 188416 2 0.0064809997 
16 188416 3 0.0024558244 
16 196608 1 0.0035652082 
16 196608 2 0.0065168064 
16 196608 3 0.0024291403 
16 204800 1 0.0048785626 
16 204800 2 0.0064147835 
16 204800 3 0.0023873194 
16 212992 1 0.0034725258 
16 212992 2 0.0075107098 
16 212992 3 0.0033190078 
16 221184 1 0.0046520171 
16 221184 2 0.0108406370 
16 221184 3 0.0042219846 
16 229376 1 0.0038183311 
16 229376 2 0.0131003742 
16 229376 3 0.0074377823 
16 237568 1 0.0105577169 
16 237568 2 0.0143602780 
16 237568 3 0.0071629905 
16 245760 1 0.0043179526 
16 245760 2 0.0073671165 
16 245760 3 0.0032014161 
16 253952 1 0.0044770367 
16 253952 2 0.0069305051 
16 253952 3 0.0029277055 
16 262144 1 0.0037334384 
16 262144 2 0.0078177389 
16 262144 3 0.0070208037 
16 270336 1 0.0064355694 
16 270336 2 0.0123420499 
16 270336 3 0.0077964736 
16 278528 1 0.0080152300 
16 278528 2 0.0126389225 
16 278528 3 0.0070559522 
16 286720 1 0.0052978301 
16 286720 2 0.0078226504 
16 286720 3 0.0037436087 
16 294912 1 0.0047020066 
16 294912 2 0.0088663364 
16 294912 3 0.0033979051 
16 303104 1 0.0057908054 
16 303104 2 0.0118325840 
16 303104 3 0.0064157688 
16 311296 1 0.0054846844 
16 311296 2 0.0096819684 
16 311296 3 0.0086147545 
16 319488 1 0.0049428698 
16 319488 2 0.0113279223 
16 319488 3 0.0058676090 
16 327680 1 0.0095667353 
16 327680 2 0.0189360941 
16 327680 3 0.0108140348 
16 335872 1 0.0098416308 
16 335872 2 0.0138355414 
16 335872 3 0.0058943477 
16 344064 1 0.0047396475 
16 344064 2 0.0099052084 
16 344064 3 0.0035060989 
16 352256 1 0.0048687113 
16 352256 2 0.0101207921 
16 352256 3 0.0037287347 
16 360448 1 0.0051961270 
16 360448 2 0.0111462011 
16 360448 3 0.0079539589 
16 368640 1 0.0056952825 
16 368640 2 0.0118576789 
16 368640 3 0.0097846306 
16 376832 1 0.0051199238 
16 376832 2 0.0106990670 
16 376832 3 0.0074148471 
16 385024 1 0.0081516432 
16 385024 2 0.0160121785 
16 385024 3 0.0046898751 
16 393216 1 0.0087878829 
16 393216 2 0.0175839620 
16 393216 3 0.0039611605 
16 401408 1 0.0044008930 
16 401408 2 0.0119480404 
16 401408 3 0.0052554270 
16 409600 1 0.0064196299 
16 409600 2 0.0126337106 
16 409600 3 0.0045951812 
16 417792 1 0.0089476987 
16 417792 2 0.0134825721 
16 417792 3 0.0057803503 
16 425984 1 0.0092034396 
16 425984 2 0.0165124482 
16 425984 3 0.0110026326 
16 434176 1 0.0103145276 
16 434176 2 0.0132073761 
16 434176 3 0.0071254269 
16 442368 1 0.0045468511 
16 442368 2 0.0124513916 
16 442368 3 0.0041979940 
16 450560 1 0.0046056796 
16 450560 2 0.0147225939 
16 450560 3 0.0078388499 
16 458752 1 0.0074447641 
16 458752 2 0.0133163144 
16 458752 3 0.0066900922 
16 466944 1 0.0085799728 
16 466944 2 0.0162902780 
16 466944 3 0.0108051423 
16 475136 1 0.0119287196 
16 475136 2 0.0183118783 
16 475136 3 0.0091559637 
16 483328 1 0.0134112086 
16 483328 2 0.0198002363 
16 483328 3 0.0045718415 
16 491520 1 0.0061517976 
16 491520 2 0.0151046698 
16 491520 3 0.0052540721 
16 499712 1 0.0089316506 
16 499712 2 0.0141862053 
16 499712 3 0.0092011179 
16 507904 1 0.0066072193 
16 507904 2 0.0136835345 
16 507904 3 0.0084974896 
16 516096 1 0.0100283633 
16 516096 2 0.0164707186 
16 516096 3 0.0059195065 
16 524288 1 0.0087397966 
16 524288 2 0.0166448174 
16 524288 3 0.0080864130 
16 532480 1 0.0071765373 
16 532480 2 0.0183845936 
16 532480 3 0.0074512279 
16 540672 1 0.0131221870 
16 540672 2 0.0210111162 
16 540672 3 0.0056283399 
16 548864 1 0.0067587019 
16 548864 2 0.0190690345 
16 548864 3 0.0069105605 
16 557056 1 0.0092161627 
16 557056 2 0.0160601838 
16 557056 3 0.0119571937 
16 565248 1 0.0126694748 
16 565248 2 0.0212677120 
16 565248 3 0.0131967745 
16 573440 1 0.0097081023 
16 573440 2 0.0214924473 
16 573440 3 0.0059084139 
16 581632 1 0.0068677748 
16 581632 2 0.0191917580 
16 581632 3 0.0078456288 
16 589824 1 0.0086635697 
16 589824 2 0.0171525869 
16 589824 3 0.0092056385 
16 598016 1 0.0079702746 
16 598016 2 0.0229714331 
16 598016 3 0.0185620980 
16 606208 1 0.0116741309 
16 606208 2 0.0188768362 
16 606208 3 0.0071170913 
16 614400 1 0.0064150160 
16 614400 2 0.0184901539 
16 614400 3 0.0059918279 
16 622592 1 0.0093364964 
16 622592 2 0.0178275100 
16 622592 3 0.0130740431 
16 630784 1 0.0133976216 
16 630784 2 0.0225279196 
16 630784 3 0.0148770856 
16 638976 1 0.0118806233 
16 638976 2 0.0176109245 
16 638976 3 0.0062862144 
16 647168 1 0.0074092853 
16 647168 2 0.0187842047 
16 647168 3 0.0090653590 
16 655360 1 0.0114458993 
16 655360 2 0.0235615832 
16 655360 3 0.0150570971 
16 663552 1 0.0133442836 
16 663552 2 0.0225352328 
16 663552 3 0.0064320388 
16 671744 1 0.0059643862 
16 671744 2 0.0194528915 
16 671744 3 0.0091717841 
16 679936 1 0.0107832771 
16 679936 2 0.0183614135 
16 679936 3 0.0115223575 
16 688128 1 0.0080648154 
16 688128 2 0.0189541312 
16 688128 3 0.0092948043 
16 696320 1 0.0098154770 
16 696320 2 0.0204671790 
16 696320 3 0.0090468192 
16 704512 1 0.0129287218 
16 704512 2 0.0269573942 
16 704512 3 0.0137848711 
16 712704 1 0.0089544906 
16 712704 2 0.0212635025 
16 712704 3 0.0069370203 
16 720896 1 0.0073952268 
16 720896 2 0.0215115694 
16 720896 3 0.0130752509 
16 729088 1 0.0110663296 
16 729088 2 0.0233142272 
16 729088 3 0.0089792838 
16 737280 1 0.0084834179 
16 737280 2 0.0202823375 
16 737280 3 0.0086248097 
16 745472 1 0.0090511759 
16 745472 2 0.0208876285 
16 745472 3 0.0127625404 
16 753664 1 0.0152665277 
16 753664 2 0.0278291631 
16 753664 3 0.0116053414 
16 761856 1 0.0079965176 
16 761856 2 0.0217506006 
16 761856 3 0.0087778689 
16 770048 1 0.0089644674 
16 770048 2 0.0208352428 
16 770048 3 0.0085960005 
16 778240 1 0.0104074679 
16 778240 2 0.0308382372 
16 778240 3 0.0172356789 
16 786432 1 0.0172040029 
16 786432 2 0.0229733748 
16 786432 3 0.0085577448 
16 794624 1 0.0079864311 
16 794624 2 0.0249860151 
16 794624 3 0.0168016801 
16 802816 1 0.0159478443 
16 802816 2 0.0247722918 
16 802816 3 0.0111121665 
16 811008 1 0.0127941702 
16 811008 2 0.0254172235 
16 811008 3 0.0099790693 
16 819200 1 0.0086736763 
16 819200 2 0.0334716058 
16 819200 3 0.0151185267 
16 827392 1 0.0114452533 
16 827392 2 0.0245866382 
16 827392 3 0.0085031945 
16 835584 1 0.0106084565 
16 835584 2 0.0242669748 
16 835584 3 0.0115078336 
16 843776 1 0.0123722220 
16 843776 2 0.0258829508 
16 843776 3 0.0104999892 
16 851968 1 0.0103990595 
16 851968 2 0.0252090533 
16 851968 3 0.0177805076 
16 860160 1 0.0238527558 
16 860160 2 0.0267455462 
16 860160 3 0.0090726275 
16 868352 1 0.0091772137 
16 868352 2 0.0247620339 
16 868352 3 0.0108626736 
16 876544 1 0.0085454752 
16 876544 2 0.0269820320 
16 876544 3 0.0191554597 
16 884736 1 0.0120900233 
16 884736 2 0.0266268530 
16 884736 3 0.0152696719 
16 892928 1 0.0122146864 
16 892928 2 0.0305613109 
16 892928 3 0.0163317378 
16 901120 1 0.0098051225 
16 901120 2 0.0265666194 
16 901120 3 0.0096477995 
16 909312 1 0.0132660277 
16 909312 2 0.0245255911 
16 909312 3 0.0094447509 
16 917504 1 0.0163737018 
16 917504 2 0.0333756567 
16 917504 3 0.0086712902 
16 925696 1 0.0091713186 
16 925696 2 0.0250367068 
16 925696 3 0.0086727903 
16 933888 1 0.0107479630 
16 933888 2 0.0257508899 
16 933888 3 0.0121723041 
16 942080 1 0.0109160052 
16 942080 2 0.0303374900 
16 942080 3 0.0123570985 
16 950272 1 0.0162506016 
16 950272 2 0.0304817354 
16 950272 3 0.0096024779 
16 958464 1 0.0101037165 
16 958464 2 0.0301275251 
16 958464 3 0.0090243796 
16 966656 1 0.0103170526 
16 966656 2 0.0293750459 
16 966656 3 0.0155112077 
16 974848 1 0.0196272018 
16 974848 2 0.0288383216 
16 974848 3 0.0091407215 
16 983040 1 0.0100263026 
16 983040 2 0.0290590807 
16 983040 3 0.0097694913 
16 991232 1 0.0143431157 
16 991232 2 0.0300371570 
16 991232 3 0.0124408833 
16 999424 1 0.0202701016 
16 999424 2 0.0353671208 
16 999424 3 0.0104689272 
16 1007616 1 0.0090419010 
16 1007616 2 0.0285361666 
16 1007616 3 0.0122056316 
16 1015808 1 0.0101730048 
16 1015808 2 0.0303918547 
16 1015808 3 0.0157492553 
16 1024000 1 0.0181797227 
16 1024000 2 0.0369718523 
16 1024000 3 0.0105212640 
16 1032192 1 0.0111891594 
16 1032192 2 0.0280229093 
16 1032192 3 0.0104654407 
16 1040384 1 0.0183360119 
16 1040384 2 0.0296361334 
16 1040384 3 0.0116716789 
16 1048576 1 0.0121455632 
16 1048576 2 0.0284120949 
16 1048576 3 0.0137012136 
