24 8192 1 0.0023429933 
24 8192 2 0.0019655175 
24 8192 3 0.0019956012 
24 16384 1 0.0034698790 
24 16384 2 0.0017642999 
24 16384 3 0.0039574628 
24 32768 1 0.0067440955 
24 32768 2 0.0025743948 
24 32768 3 0.0084752239 
24 65536 1 0.0032910506 
24 65536 2 0.0024775275 
24 65536 3 0.0012251541 
24 131072 1 0.0059145398 
24 131072 2 0.0083069243 
24 131072 3 0.0064308253 
24 262144 1 0.0145471463 
24 262144 2 0.0112574950 
24 262144 3 0.0059533904 
24 524288 1 0.0139346151 
24 524288 2 0.0171304772 
24 524288 3 0.0133749542 
24 1048576 1 0.0243498522 
24 1048576 2 0.0344108337 
24 1048576 3 0.0118724031 
